3508
-2008
-4468
-3853
2089
-1544
2138
2466
-4277
1547
-4443
3947
-2394
363
-1645
-2292
4957
4478
3941
-4580
4861
-1787
-297
1578
-2391
2838
-3449
1085
20
-1115
4274
311
-4952
4673
-4043
2947
267
-3141
660
-2153
2595
44
2039
-1336
-798
-4854
1441
4754
332
1185
-709
-526
-1015
-915
-3556
4366
2151
-1589
4833
391
1917
1690
3522
4990
-2986
2396
4193
-2747
-3299
1311
349
2544
2638
-1268
4229
-1674
-3626
1737
-2803
1021
34
2684
625
1430
-2931
3839
1292
1431
3808
-80
2229
320
-3150
-2868
4737
558
2748
1181
-1953
-983
-3822
4849
570
-2161
3255
-587
-3034
-3656
-2661
16
4050
-703
-1962
-3612
1313
-2258
-2008
-3672
-272
-2381
-2109
1866
4303
-2983
1152
3103
-3147
-650
-1042
2334
1117
-2122
331
-2591
2809
-2576
1808
3460
3112
-866
-4726
4831
-2116
-3292
-3239
350
-4655
1073
-1655
1641
-4094
-2425
3827
-1156
-4125
-3094
1701
3041
-1822
-3401
547
1906
-4047
1710
2689
-3179
4268
4022
3885
3865
3000
3391
2071
2527
-2899
-1485
4863
-830
-3143
-1294
-3918
2332
1104
-298
-638
-2891
4654
-4109
-3726
2884
4206
-4458
4521
4301
365
-1350
4467
4979
3607
-4533
-936
3076
1479
4903
126
-1859
-345
-4756
-4740
-154
270
4670
-1244
3803
-3968
180
1805
550
-1876
3122
-1379
-233
-2948
3883
1816
-3101
810
-4787
574
2483
-3107
4870
3693
796
-3773
4301
-2482
-3701
-2612
37
3767
3947
2004
-2120
-2431
-2153
-2589
3049
4174
1243
-4475
-1878
-1269
3422
-2083
1695
-1445
3020
964
-4380
-2708
-3328
-3249
3627
-1900
-316
-3180
-925
3816
-2797
-4433
4538
-1466
-1157
408
2236
2668
1137
867
410
4906
1634
-737
-1919
2754
-4831
2210
2592
4053
-2177
1864
-1146
-1006
541
1605
-1655
-1389
-1623
473
668
3750
2457
509
1132
2516
-1147
-1250
2418
-1937
2013
2815
4456
-638
2072
879
-861
-2843
1230
-1928
1743
2057
4828
4929
-4910
357
1224
1170
-4780
1228
1037
2406
3129
2577
-2809
-4154
3160
-2988
-602
2001
3137
-2700
-1505
4137
-779
1141
-3805
-793
-3218
1040
1365
-2818
3666
-113
-2967
-4442
-999
550
-3013
2283
1790
1148
-3754
-328
-31
-234
2131
1011
2935
-3136
-1499
-2001
3094
-3453
-1951
2365
4922
-2150
1790
-1796
3851
-1935
-4150
-1072
123
-1639
-2483
1018
4878
1159
-4451
1193
-498
4712
1655
2323
4571
1282
-4344
825
-4798
4212
-4119
3534
3280
-2411
-4447
-1503
4379
440
3809
2377
2666
1361
-3950
-2407
-1900
-180
-690
-3325
-3257
1051
-4350
2165
4866
-2812
4849
-3544
155
-4213
65
-2229
358
1284
-1671
-3471
2702
-4662
-3494
-60
-3454
84
-152
98
2026
-3106
4501
-4777
4249
781
-2283
2472
460
4349
2698
3648
3882
-1987
-3629
-2534
604
4586
-4954
4154
-1895
-1791
-4402
4514
-4576
4850
3287
-2189
1733
2681
3038
-2845
33
-2848
4558
-1433
-3742
4748
3541
-2750
-698
4456
-2045
2204
110
-3939
4878
-1225
2050
-3263
-4461
-4163
2279
2486
-2701
4849
4839
3985
2406
2824
-886
4095
-1997
115
3231
3145
-2414
-3955
-2743
3592
-2697
-4312
21
-962
-2817
4097
3665
3113
-96
3414
3201
1866
-4604
2925
-4945
2902
2671
-92
3798
1939
-1811
-211
-4807
-4925
3321
-3210
-3306
1761
965
1602
484
3354
-1763
-1375
3322
1920
-2801
-862
1571
3314
-2964
2328
4020
-4988
844
-3708
-4871
3565
269
-2065
3374
490
-3464
4635
25
2639
1426
-4693
3866
4735
-1719
1107
-3997
3098
1558
-1095
1789
-892
482
-154
4339
-4574
4062
4315
-2380
2926
4367
1385
-985
609
713
-4541
2281
-1994
-3523
-954
3061
3890
2225
-3534
1884
2665
-4363
1891
-2360
-1591
-4035
-2248
-798
-4867
111
-1018
2750
-1412
3961
-4441
-1440
-4989
-1051
1354
2901
-3508
-1701
-4513
1314
4709
-4704
-956
679
3758
-4422
-4804
4863
3596
1665
-4978
-4828
-315
-1551
-4870
3364
3830
4109
-1156
4703
1002
-493
1239
2511
-696
3356
-1446
4950
2505
-3818
-2004
-4329
-3075
3575
3220
468
3705
4123
-585
802
-2357
-1714
-4752
-3263
-2270
-985
-2280
1085
4366
1351
2986
-247
-4756
1851
-2836
4435
951
2023
3094
-1762
537
2247
-863
-2324
4334
-3596
-4589
3657
-3392
4476
2631
-546
-1317
4017
-2112
371
4423
-3414
-4240
1771
-3110
-2614
-554
1483
747
-1385
457
3224
1064
-3589
-3924
-4285
-1385
-3253
-4823
-2835
4413
-4084
1191
1131
1213
-4147
1728
-2721
-326
868
926
-1170
4331
-551
-3271
-1217
-4176
3382
4882
1608
-1501
2638
2853
3829
3872
1460
4722
-752
740
2447
3957
-3239
2195
-1384
3188
3049
4913
-3930
-2608
20
2359
-3815
4822
-2471
-2900
-3385
4893
4175
4669
1057
3456
2518
1406
-111
-3305
-4521
-3103
190
-3614
-2648
-4937
467
2087
-4808
2750
2306
-3533
-3394
1054
1568
4650
-1591
-1159
2157
3711
-1376
-2463
2534
-3253
-891
414
1578
1586
-4741
2985
1583
3047
-4784
1651
2968
-1696
-407
-3919
-4390
-840
2903
-4016
-3657
4162
743
2570
905
-1270
12
-3716
-3548
-3924
-3555
3525
-1867
-4266
2863
-2499
3140
3788
2670
3
-2051
-1918
-2512
1138
-2915
-4255
-223
-4118
3166
-726
-1364
3245
1083
-2469
-355
1
1688
3159
-3533
-949
4293
3692
3939
1298
-3208
4951
2547
-2168
4110
683
-3030
-1475
-383
2494
4444
-3529
-1040
389
-460
2646
-3137
4314
-4812
2687
4453
-652
1266
755
4961
-4825
778
-987
1043
3839
2448
3308
-514
1729
-1568
3980
-2937
-690
4989
2496
-3881
-1938
4748
3665
-1196
3388
-225
3422
-1545
-3782
-693
2172
-4818
-239
1819
2918
-2895
-3376
806
2098
-4443
3207
-4086
-3075
-83
1965
-2082
-3943
-651
-3908
1710
2703
2508
-4163
-4942
3619
-1505
-1380
-664
4426
-152
-2970
2157
4302
-959
-2896
1734
-3817
41
2824
2668
4552
-1870
-2063
-4817
-805
-3056
3338
3155
-3867
-1260
2102
-2796
-3422
-2757
-3614
-2914
-3841
1682
-4005
830
1230
2932
-4010
-4038
-2246
-4058
-294
-644
-3276
285
-4195
2482
-2302
-1297
-2586
-2986
-3785
1815
-2817
-3270
4929
4870
-1875
-2954