4979
-3762
-11
1926
3097
4933
-4084
-48
2139
-86
4794
4529
-4667
-2622
-563
-1666
3236
-8
-1792
-1986
-3404
-3502
-4431
-2849
-3068
509
5
-46
779
-1335
-995
3181
2866
3567
2944
-3309
-1109
-601
-4617
1534
4348
-2709
-122
-3919
-4396
4095
-2988
4819
-2532
-4423
-733
4503
-3347
-1796
365
-571
-3263
-2372
-980
1098
-2335
-2827
-3939
1379
-666
-2038
4027
-3194
-2611
2059
-2648
-519
1564
-1413
-2433
-173
4140
1923
3722
-1504
17
3956
-1061
4812
4466
-1643
2175
-4804
3915
-3945
3930
3505
3246
4993
147
-2636
4379
-3092
3441
4684
395
1680
-3890
3652
-1393
-4249
-1885
582
-1918
-402
-3407
-4464
-2296
-17
-3779
3961
-2093
-2520
-1391
-1007
3585
-3429
-4764
-1005
-4495
4797
-1023
-1462
4610
-1271
4349
-2541
-1599
2038
-4758
-1650
2130
1649
4863
2807
-462
-2702
283
1402
-2756
-2735
4263
1117
1283
-3103
2687
1597
-1939
-3816
-573
-1523
1511
1277
-1891
-3215
1034
1101
3606
-1109
853
-1304
165
-4948
949
101
3171
1079
-3877
-1138
-2376
1417
4112
-2174
-2598
4484
3734
389
3237
1164
3798
4787
-2512
2643
-3522
-3264
922
2409
2882
3791
1240
-1874
-2374
-2917
2589
-2108
-1789
2701
1947
1636
-2539
-2758
-2234
2726
2665
42
2829
686
-3117
4886
-4797
4684
2079
-2187
1354
4672
-1339
-2481
-4456
-4306
1192
-4261
3104
1955
2470
1171
-2835
4803
3656
1112
3421
-3906
1584
1648
-4703
93
4932
-2610
3703
-3089
2401
-4653
-62
453
1177
3298
-3732
2399
4049
4142
4521
3135
-2581
-1980
-749
3193
-432
1162
-4052
1790
4586
-4741
-1936
3286
2985
4180
2816
-4207
1697
-2326
3694
-1968
-4236
3578
-2025
-4685
2554
1737
2993
-4875
2068
-808
-841
4696
4868
3261
-4065
804
-647
4927
1699
3386
-979
-3157
800
-321
2637
2084
2311
1585
1982
-4474
-4093
4478
1038
-604
-3153
608
-4178
3900
-1649
-4399
-3355
-2168
-166
-1946
1331
-4306
-1576
-698
-2568
2965
-3227
1133
-4051
4412
-118
-1360
744
-1083
3863
-2092
1584
4492
3095
-2875
-1114
-2426
1715
624
-3800
-3437
-2991
-4455
2421
-3680
-2325
-3107
4999
-4397
4592
-1216
4081
-1125
-209
-2234
-2290
-4637
2771
4085
-1551
-2519
-323
-466
230
-1785
-2771
2919
-4322
2884
-462
1247
-4967
3396
1695
-4798
662
-1114
-4158
-630
-77
283
2684
-4243
2412
-2344
1090
3619
3693
300
-3554
4044
2828
2062
-1580
4228
-750
3063
353
605
1420
3296
-1927
965
3258
2451
-4696
2910
4991
-3785
1747
-199
3544
401
1236
-1541
2064
-154
-635
4324
4371
-716
386
2768
2367
709
1820
-2152
2711
-4896
915
-1723
-200
-3052
-2997
0
1912
-575
28
-740
1128
-4667
2100
-4913
4001
1209
-4307
3622
-1660
2962
1925
-1540
-4339
-2944
-1455
1789
-248
-390
593
-2422
1216
3617
4292
-2663
3524
-2128
178
-3063
2970
3845
3498
-998
226
2898
4538
4481
-4487
-1691
-3762
-1343
1227
-4477
845
570
-2274
-4751
1642
2823
3369
3640
-10
3663
1139
4895
-1344
-1650
-2082
-1131
-4896
-4687
278
-4135
-4969
-2214
789
-4617
1915
967
1546
1273
-4036
-4617
1764
563
-1180
-3848
436
3777
-3506
998
379
158
-4566
4789
918
2535
2716
-4073
2914
1646
1147
4100
-4956
-1249
-1284
129
4816
3879
3640
-1021
1638
3076
-4928
-1983
3022
-2870
-1373
-1276
-3723
-3897
4761
4483
2872
1270
288
4039
2684
790
2856
3012
-3762
-3140
2155
4729
3753
3913
-1263
-1500
1870
4785
4774
-2703
-117
-1082
2421
-3676
3006
4689
2441
-1499
14
170
991
3536
3002
3060
-3034
808
-2826
-2728
-962
2432
-3979
-2685
-2245
2998
2219
-3547
-775
-2712
-4409
-2698
-2022
-2499
3199
-1748
861
2175
1847
1626
4222
-1410
329
-254
380
-1453
-2329
-4000
420
3872
-2516
2190
-2990
-2206
875
643
-2220
-1331
-2397
2968
-2968
4917
4430
4435
-1076
722
3210
3204
-2403
1064
-2464
-1690
4907
-943
2250
-4886
-3753
320
-4118
359
-260
-4962
-3045
-207
2598
-1764
4789
4550
4300
4925
2891
-2108
-989
-4612
-3296
2437
-2766
-158
3725
2995
3539
1065
-844
1360
-2270
2305
3017
-3908
-1740
3934
-3461
-4269
1261
-720
-2299
-4356
-3822
4955
4159
-1950
1541
-4359
212
-594
1164
2459
-3179
-2055
4963
286
2424
4869
3561
4077
4902
4800
4946
2678
1884
2107
-462
-4728
165
-4200
82
4604
-306
2382
-499
917
4765
-1413
-1463
4366
-4952
3161
4359
430
-429
4460
4879
4888
-4547
-165
-2175
-2194
878
-3456
1470
1566
-1811
1440
937
-107
-609
-1625
-1949
-4616
2856
4091
574
4642
2655
2363
1673
3293
-2086
-12
2402
1652
-923
1996
-4722
-374
493
-2269
570
-4754
-1203
1422
811
-2918
-2344
-2133
1628
1148
4057
-459
3553
708
-1903
4073
-694
-2289
1227
-2748
507
447
-1541
-328
3185
-2765
2456
3598
-3005
-752
-1422
4866
2091
2550
-1317
-2118
-1840
-1410
2276
4647
-4798
-710
3029
-164
-4947
-474
-3701
-4735
-4255
-639
-1177
-4248
2986
-289
-955
-4159
-598
-1201
-130
3543
3547
2036
-2416
3243
1717
2211
4852
-3869
-4946
-864
-2126
-1573
2973
-1670
-1521
3593
-1801
743
1966
-262
1919
-4650
1949
-3446
4283
4024
2568
-4999
-1705
309
-452
550
-2089
3283
-3757
-3056
-1587
-510
3479
-3340
917
-3708
-4322
4200
-128
-3885
3485
4145
4962
1936
-4180
-4410
41
4610
3174
-3496
-91
-499
4738
-2800
4589
-1404
4644
-212
2118
4857
1329
-4480
-2258
3548
4334
-1189
3732
-432
3555
-1265
3573
-3782
4322
-2626
4742
-390
3086
1072
-4477
-1963
-2636
4666
3815
501
4377
3387
1448
-4671
-4772
-4460
143
-2043
1623
-2568
2596
827
1084
-2448
-1084
-2216
-3555
2310
-1852
92
-2412
1144
-3489
-628
2004
1282
-4403
-1635
4001
3933
-2675
-3815
2238
-3967
614
-1726
1939
2613
4216
-4499
4036
-4346
-95
-1180
559
3694
336
3872
-1940
-801
-1965
-171
1199
-3131
3730
887
-3738
-4922
-3378
-783
-4952
1439
3883
-3261
3234
1861
-1155
-4982
2637
-3488
-1597
-3542
824
-4478
-2073
-4363
68
571
45
-2126