-4204
335
-2442
-4179
687
1266
2805
-2783
-235
2209
-4934
-4902
4866
3753
3450
940
-523
688
4603
2309
-4230
-3306
1038
-4111
3405
520
39
4099
1596
4406
839
-3739
2476
-4745
-1495
2360
990
-3831
-1291
2564
1026
4687
300
-907
-583
1814
-1935
4771
-1719
-1012
1834
4636
-2537
-3766
-1781
-315
-4683
-87
1849
4005
-4342
-1022
-1743
4214
-1254
-1015
-2473
-4284
-1465
-505
4778
1250
4294
4638
-3658
4755
-316
-2313
4326
3584
3824
995
-4829
4828
1079
-2490
2557
-4999
2253
2244
2463
-2717
-1566
681
-2177
-4607
1450
-42
-153
-3248
-1350
-586
1779
-1002
-3866
3091
2182
251
-3278
-3897
-1712
-3189
4185
-2805
-4424
-4741
1845
1840
-2699
1958
2566
-4646
3603
-4698
3358
1122
-4890
-1472
145
3452
-312
-2774
3389
2133
-2763
1390
4142
1899
-1143
-1058
2028
1253
729
-997
-3077
1077
3067
-3943
-4600
304
-1838
-532
2084
-3219
-1579
-2507
-4491
-4593
-3910
573
3581
4433
-2231
1882
-802
-892
-3417
1064
-4030
1135
-4846
1433
3903
-3347
-1487
3809
4833
-2910
-1278
-4106
4492
-4114
98
4217
4988
-3425
-3052
-1974
4773
-4164
1656
1094
3043
4083
-1995
2471
2860
-2214
3463
-2928
3395
4395
-2628
4111
841
1088
4108
-2925
-1692
-2524
4272
-4539
444
4070
-2160
582
-2181
2186
2853
-2944
-1605
-3652
-240
3530
-2051
-3346
-2781
4312
-2291
2299
3395
4225
-52
4763
1205
3626
3172
-4943
189
-4139
3041
-2831
-185
4212
-2721
-594
-3585
627
1216
-4077
4873
4135
3299
1800
4870
3020
-531
-3284
-1174
-4732
1108
-3193
-1516
4426
-2850
574
2591
-745
-2511
-4405
3800
1320
-1876
1339
-1855
1197
1511
2983
4180
898
-780
-65
-1319
1375
4121
-525
-1466
1127
153
3968
227
602
-2926
3383
-4245
719
-4041
1851
4906
-3022
2802
114
2652
4475
-635
-483
4979
-3998
-92
-2399
4678
-2442
3726
1737
-1980
-121
-3087
3261
709
-1530
-3578
3316
2367
-4198
-1441
-1434
269
3549
-4175
-3940
4041
2261
3716
-2194
-2271
-4611
-1118
-1227
-4996
1816
4418
-582
-4306
-1413
3256
2618
-2809
-4840
2531
-3481
3119
3653
-3407
768
-3671
954
3818
-2786
-3005
3693
-3474
2990
4119
-2325
3546
846
3339
-842
-4391
1430
-1573
-3235
-3911
4230
2247
-928
-2011
4227
-3782
675
-4809
-4057
-2919
-2246
-2167
1217
4681
-399
1385
-2382
2776
-4555
-3578
-3828
-4510
1816
1675
-3526
-1984
4267
3304
491
2934
-4237
-1623
3875
580
-4551
-3998
1759
4463
4552
-4284
2323
1385
-1014
-3059
-466
4892
-3831
-766
-4114
3733
4506
-3108
-1612
2266
2086
3213
-1228
-3450
-739
-328
-4077
4860
58
1051
1067
1247
-3057
-614
-2248
1755
3562
-3513
-2525
4864
3718
-598
-2732
-1730
-2400
-3139
3282
-3081
4432
-374
-3169
-3941
4466
576
4791
2437
2360
-867
4082
3206
-1864
-1103
4915
3511
2056
-3721
-3588
3416
1572
407
3177
-4496
-369
-452
-318
1351
-3566
1126
1984
-1460
-3286
-342
2920
633
633
1589
1542
4527
2840
4702
2418
3685
-4670
-4886
-522
2703
-3710
-4344
-1063
2533
3330
-3105
1139
-4135
3332
-4176
2585
-2672
3174
-244
-4402
196
-2358
1642
-2013
-1311
-3034
-3569
-4240
1601
-2392
-98
2978
4649
892
555
-3725
-3258
-70
2724
-3164
2117
-4878
2653
-2294
-2737
3132
-3041
1165
-1451
586
-1720
-2100
58
4005
2097
-3532
-1674
-4473
961
3922
3243
4146
-1832
3371
3674
-1968
-1339
167
-401
-2309
-3140
4367
619
3889
850
-3000
-3203
378
-4458
2098
2895
179
673
-1010
-1335
-1487
1129
-4743
1802
3205
2967
-1487
1086
1267
-3641
-514
-3658
4639
-216
-4788
-4462
3473
-732
4317
-1252
4058
-2196
-1399
2279
2926
-4343
-4416
4569
4412
1557
-671
-896
1232
-3725
-2919
3494
-2667
3804
-3409
-4196
-1664
-1535
1844
4755
3028
-551
1459
-2742
1168
4160
303
3158
-269
693
844
-2302
2924
1121
4578
3832
4514
4021
-575
2144
3333
3304
972
2302
-780
-159
-4553
-3096
4665
919
-2098
-1398
505
-1834
1834
-1537
2654
1612
-3496
3771
2400
-1576
-1679
2492
731
3231
2068
-2383
-4073
-2852
-2977
-2729
3183
-3778
4617
1543
3247
-3958
1009
-1499
3114
116
890
3471
3239
-45
-3459
-205
1346
3863
-292
-4999
-751
993
2654
2965
3360
4204
905
3308
3890
-328
3604
-742
4495
-3742
4005
174
1168
4483
-1264
397
3513
4326
-3413
4713
-3362
2571
-2408
904
-3952
-553
-3075
3990
3040
3184
-1420
2770
3545
-2356
-4358
2651
-1383
-4858
-4108
3861
-906
2804
2127
-145
-271
-3189
4228
-1110
1193
-1599
-3910
-1065
3193
-1035
126
-659
1897
-1392
-2769
2034
3148
-4677
3969
-3904
1181
3218
3341
689
2920
2784
-4204
349
2757
-2390
1741
-3234
4777
3865
-435
3194
-842
4711
-3873
4919
779
-62
525
-2580
-1961
-255
2007
-4858
-4771
-1835
-4428
4652
-2147
2316
-2238
2715
4295
-3639
2771
1458
-949
1924
3465
3185
3114
1622
-381
-2462
-1936
-2423
-4223
-95
1453
1444
-4309
-2208
-3062
948
-2937
2324
-1851
-28
-3015
3837
-2000
-846
-918
-791
4921
-4534
-2276
-3177
4273
-4576
-299
-4089
2182
4966
213
126
1395
-4471
-3189
-146
-480
-1001
1864
-2398
412
-3006
-1515
-2058
-3781
580
3470
1357
395
2678
-3506
-4193
1046
1304
-1187
-882
3678
4661
-1412
435
3543
-2554
7
-935
3583
-1322
-4696
-901
2384
-2760
-3295
4248
-1050
2426
-2056
-1061
-1306
4998
-23
4013
3441
4382
4826
-3201
-1256
4004
-4971
2647
-2888
-4119
4771
-3174
-3603
1858
-3358
-2647
545
-998
-1552
-1568
-3542
1236
2782
3367
-4008
3154
866
-4418
-4490
48
4984
3914
2513
-26
120
1985
-896
-3196
-125
-3679
-1744
-1920
4811
3553
-1861
-3775
-103
2899
4967
983
-2379
2440
-3353
3688
-2110
-352
3355
-3825
1330
1779
-186
-4379
4307
-300
4951
611
1894
-2131
101
-409
-2387
-1730
1998
909
4995
-929
2033
3639
1886
3862
1938
-444
4888
-4460
-1042
3566
3473
-2364
2966
4094
1639
4173
2965
292
-4188
-4619
4352
-36
-793
3517
-1153
4365
4281
-969
-3278