-3331
-3540
815
-4774
-4271
-2645
11
-3898
1487
-1339
3200
-1579
1171
-4213
-1865
-844
-4203
1000
3232
-671
971
2650
4353
1658
4766
2168
-4838
3879
4427
4361
-4701
3058
1384
1778
-4042
1447
3118
683
-2177
-1348
-2191
-3695
3518
3689
-2315
-1413
849
503
4489
476
4797
-2415
-2226
302
-4942
-4203
3699
-4315
4031
-3726
1718
3723
-2370
3143
1785
2479
-3114
2045
4309
1075
552
-1343
-2790
1820
-2883
3377
2604
3510
665
-4006
-1025
-2600
-4525
-2526
-275
3817
-573
2105
-4792
-4718
-3564
-258
2253
705
-4290
4943
-1891
4592
-1297
2212
-281
925
3094
-3991
3057
1230
-765
-45
4799
4061
4648
-4495
4394
-4735
2947
-3652
895
-2714
-2810
4227
-1734
1359
-156
-1628
-447
-3918
1527
1557
-2388
-628
-1899
-1018
4782
1423
4064
-3481
-477
2359
-3507
-2296
797
4211
2476
1358
-1956
4021
-4971
727
-3804
806
-1712
2289
-2082
1222
2790
-2463
3243
1683
-246
3118
4888
1882
-4549
478
3923
-3307
896
127
3816
-4125
2759
1774
1403
3795
-1776
-3076
-2244
-2879
-1574
1657
4092
-1571
-3820
383
-2381
254
1916
2078
1291
4978
1015
1582
-249
-485
3384
-531
-2379
4894
-513
-3650
1808
2635
-493
3038
-1817
4725
92
1231
-98
-3904
-1653
-4342
3154
4115
-3512
-687
-365
2126
1844
-3344
-4759
-4201
1509
4641
253
-1589
3730
1066
-3798
3879
2142
-845
3496
-4968
-4386
3175
-2404
-4122
-2092
-165
233
-1458
-1106
2479
-2213
4704
344
-1257
2602
-2267
4542
947
-2366
-4296
-4805
-634
-1582
-1402
-4627
-4033
-4989
-152
1997
819
430
528
1009
2208
3470
4799
-1289
-2139
-630
-2877
3664
1252
3828
-4602
44
3327
-4164
4839
3730
4478
3543
-1139
984
2051
-3453
-3884
-1873
-2745
2867
-420
-4297
3890
633
3223
2403
-4908
-2477
-386
1750
1295
-814
3888
436
-1722
-4950
-269
4445
-4013
-3727
631
2514
1857
-3821
4025
4150
-2907
-3818
2832
-4479
-4325
-1710
1313
-2616
1389
-2845
-1484
-1781
-4417
884
-3335
3630
-4963
4922
-3016
-956
-4559
1129
2916
1605
-3616
-4612
4844
4590
-4259
-2280
-284
-3640
-3546
2462
244
1785
3383
4623
4500
1927
1975
2169
2439
4076
4933
4214
1285
-4049
1331
-1059
-4244
4610
-1067
-3569
-3407
-3821
-601
3257
3074
2720
-2753
-1441
-944
-4020
-1744
-2501
-1223
1727
-2411
3757
-1939
2962
3564
-3192
770
-1122
-452
800
4844
-1631
-2969
-4743
3618
-3162
-2893
2392
-4283
3674
4843
3954
1073
2110
4733
-1895
-1979
-1153
-4599
1683
-1353
4623
1196
-4672
3143
1810
-3208
3991
2733
-4405
1287
4382
-88
4796
3605
3477
-3063
-2227
1341
-1551
4580
2323
-1552
3423
1846
-128
-1507
1128
3564
-2410
-2069
2520
-1260
-1482
-450
-1453
744
-3585
3236
4917
-361
-801
-4051
-457
1060
-3948
2258
-230
4924
426
1764
-3087
-1898
-1615
248
-698
3119
4070
-3155
2695
-4785
-2165
-4013
2498
3515
3579
-4173
4826
-157
-675
-724
2033
2257
4983
571
-3732
-4023
4014
2414
-1920
-1157
-683
4383
-3550
3036
4272
1645
905
3285
-2187
-2955
-2853
2558
3051
857
-31
339
-3179
2959
-1105
3487
1704
4247
-1637
2220
675
-2772
-248
2565
-3806
460
3827
3952
-4471
-4997
3099
-277
2030
1141
-750
-3370
3169
-750
-166
4967
757
937
1295
1902
-42
-697
1173
-385
2359
1816
473
1962
4228
3049
-1263
-1212
3758
514
3935
-1826
3858
-2980
-743
1547
-4339
3919
-4547
4159
4322
-4170
-3334
-2453
4202
3424
-821
2940
3528
-3709
-1696
-4031
-12
-699
-3893
584
296
-292
2419
-2583
-2021
4821
-4080
-2965
3692
-315
1177
1810
2824
161
-3218
2362
-3396
3176
386
-2148
4065
4156
-1351
2055
-3487
-4067
-1083
2879
3455
-1408
-3143
2758
4322
4812
574
-1037
601
838
4340
-1584
379
-335
-3231
1675
-383
-4467
-816
1414
-2425
-4203
-1806
-4578
3751
4871
2539
2152
253
165
-1832
2074
2287
-4597
-3264
-48
-2497
1136
-3540
-3563
478
-4422
-3534
1305
4443
734
223
851
-725
-4170
-1832
-4357
2953
2656
184
2807
-2180
-834
-2132
2325
3513
2328
4472
-4060
1772
1156
2468
-3797
2664
-4583
-1134
-3254
-2673
1945
-1887
-2280
4516
-2104
-2301
2914
4164
4123
2209
1366
-3044
-3626
4952
-630
-761
-3082
4072
2289
-1868
1720
1036
-1066
-4415
336
-4289
1443
-2988
4430
1870
-1386
195
-621
-4132
3907
1208
-1539
3938
2367
2148
3990
-2904
-1483
-1943
-4858
-3287
-4254
3038
2309
3597
2891
-3462
4898
579
-1941
2005
4736
1275
3067
2754
-3047
2163
-2632
3820
-689
-3827
-670
-1737
2721
2308
-2880
881
2566
-2342
4057
-587
-2383
230
3881
4079
-3523
-1639
-754
-4450
4434
790
4691
-3583
-2551
3802
4702
2676
853
4893
3909
126
-4249
974
1728
-3389
2719
-2890
-827
4552
4854
1577
-3391
4989
-4507
-551
3941
1469
-4676
-624
506
1304
-636
-3703
-1345
-3688
2927
-2619
3145
-1221
-3619
-1371
-3070
2627
-4498
-3715
2493
-2763
-1748
4325
302
-4360
282
3400
-3079
29
-3343
2294
-856
2438
4114
4945
2439
4413
-1639
3037
3632
1106
-2785
3022
4264
4323
-1707
-1120
-3721
3611
-1810
4929
-1534
1588
-2380
-2159
-1611
-4309
-2368
2041
437
-3852
3416
604
809
1079
-2547
-2859
-2624
-201
-293
-4682
-280
4188
-4954
-3324
2685
1267
35
-2702
-3073
2889
2141
-4164
-214
-4109
-1320
-68
2895
1777
1314
2892
-4488
2635
-3943
-1488
2799
-4571
4956
4347
4723
-485
4343
-4442
2272
4494
3731
3895
2861
-2100
-2045
2798
-5
2848
91
146
-4735
3577
-4981
2699
1796
-6
-1500
2477
2571
-3011
3240
-1442
-2650
1889
1957
-3677
-1841
-3147
-3346
-2185
4081
1238
-3524
3735
-2282
231
2106
-4027
-1383
-2802
-4081
-1206
-3378
1435
2903
-4407
-1236
-896
-1185
-2634
4484
-898
-2052
711
3092
1296
3999
-195
-3255
4566
-2134
618
2603
3559
-2411
-2436
2704
3468
3502
2684
3328
-144
-3521
-3862
-3533
-3656
-2362
4700
1414
1608
4565
-3191
-1459
-223
-1029
3722
3488
1348
-3264
-4276
-4574
563
612
992
-2834
-4300
2932