-3169
425
2629
4378
4130
4463
-4103
3168
3698
3418
-1794
-4370
-1145
2491
-1959
3240
-4298
4951
656
-1200
37
-2822
3537
1493
-2315
1956
785
-788
1210
-61
1183
-3544
-3928
4076
4462
-749
4569
1729
-1797
-2500
-3235
3709
3730
-4212
767
-1504
-3960
2244
294
-1114
-4044
3571
1587
-538
-4634
-416
4123
-3982
-3252
-2023
1403
-2906
1947
627
-2635
-1845
779
-2917
-3113
-505
-2136
3195
2784
448
-1447
2771
-3555
-13
3482
1104
-3233
4400
-2242
340
550
2708
-3155
877
-2877
-3498
-1127
3989
-1356
226
1371
3121
3870
-1785
-2612
463
2714
945
-924
-940
-4240
-547
4720
-315
3109
-956
-287
-3853
-1126
4783
-4965
1155
4287
1808
-3295
4228
-684
-4623
-4849
-1011
1928
1333
491
1367
1199
3559
-279
-3513
-839
-4544
1126
-756
-3511
-4772
-2552
1644
-3649
-1266
-3663
-752
-3372
-1000
3644
-4424
680
-1191
-3599
-3333
882
1559
2198
4779
-2620
3368
3513
1883
-1202
3004
-1399
-369
807
-3649
3878
2678
1557
3984
-788
2383
-2645
3140
-4039
2693
-4496
3739
1756
-4727
1378
4857
-2743
-4355
-3583
3525
-2572
3285
3033
-743
-4020
-20
-3088
4289
-2248
4443
2746
-1224
-3494
3180
-1978
1127
-4808
-3695
4573
3285
2857
-2446
-4750
417
-393
1422
2236
1656
2777
-1056
1472
-4002
-2306
3361
-2421
-927
-627
-2982
3282
-4946
3178
-1439
-4619
4248
-1537
1579
-4283
-2939
-1796
-143
2924
-1321
26
-2891
-2376
-3582
3539
3858
4768
-4084
-2898
-1539
-4652
-4529
-4934
3881
-2464
684
-673
-2616
4716
1196
-2725
3514
-2256
-91
4307
620
4725
-1347
-2037
-204
631
-1400
3741
237
645
-2489
4713
2230
692
-2565
-1103
2405
58
662
4515
-3268
2894
-1602
-1781
-1202
1414
344
3889
4085
-316
-2213
4377
2276
-911
3370
-4396
-2497
3794
-1051
-983
3936
-158
33
2597
-3868
3723
1881
951
991
4777
1844
1761
2142
1094
-4926
-4284
-1118
-4487
-2526
58
1174
1433
1039
1191
4048
418
-1952
-1720
-2760
3766
-3760
977
-826
289
-2837
3312
-3707
1537
-1724
-3422
3469
-260
4567
-437
1959
3896
-1948
-671
1275
520
-4498
2566
4810
-2963
-2369
4463
1022
-4159
2377
3841
-4920
-3210
4105
528
4803
4182
1393
-558
-209
3835
466
-2774
4394
-1918
3210
-2018
1485
-3360
-1512
-2233
4614
3725
-153
-4565
2072
2072
2787
3738
-1878
1257
3763
3918
-4045
-2450
-1879
-3542
-1663
-3594
-522
-738
2105
-1345
-1940
2624
3790
4547
-714
-4941
222
-721
-3926
-1732
1051
3931
-990
651
2370
2317
-3021
-1896
-2436
1963
1242
3674
-1918
-4027
-1211
2832
219
913
3418
-1315
-2185
4177
-3906
2804
956
3275
3557
-2377
2160
-2516
-731
-2347
-362
-2184
-1629
2376
1124
2876
3543
4223
-2192
-4177
3340
546
-4516
2872
4488
4260
-3207
1626
4156
-1130
1148
-4737
1448
4871
4829
-4300
-3663
4019
-2610
-241
948
1704
-4187
2794
792
-1263
-2923
-2749
2797
217
-4913
-1867
-4137
4797
4151
2504
-2472
2494
3540
3146
-1913
-1426
-4349
-3434
-3628
853
-3692
1840
-2173
-1541
-601
-4890
-4105
4928
-1397
212
1317
1287
1562
3264
2814
-2789
2795
1392
905
-4203
2025
-3000
3416
-3023
741
1966
-1333
552
-457
-2173
-3130
-3023
-206
4831
3185
-4347
1582
2599
-3179
1261
2163
-2586
-766
-4385
2238
3388
-305
-987
2486
3310
-3352
1411
4066
4299
4782
594
-4758
4453
-1976
-4995
-1366
3635
-2918
2939
2073
312
4068
-710
-3804
3509
1378
1254
-2461
4988
-3149
623
-141
-3342
3079
3622
26
-3314
1588
170
-775
-590
-1002
3040
-2235
4025
2446
-1233
-1447
3040
-1126
-1078
180
-1895
-3967
-1912
-8
-163
-2229
-2531
-760
-1021
1197
-2289
3910
737
-27
4358
-1393
1350
1625
-746
3412
-2254
-2262
-4610
1950
-3379
325
1205
-2207
-376
-1983
700
3368
-1945
887
4353
1005
-1267
1108
3652
685
3845
3339
-1331
-3074
331
3265
3466
7
-2834
4639
-3104
-2379
-1194
1177
194
-681
630
3533
4385
852
870
-3313
-4328
-2243
-280
-3005
4627
1027
-1384
3736
1076
-4240
-1748
1344
3651
716
-1028
-4685
3412
1543
-215
-1340
745
4932
1314
1005
1333
-2030
1442
2777
2948
126
-1070
-1437
3641
-4889
-4991
-4451
-2436
-351
927
-4609
-1754
-3131
2844
4812
3965
-1781
3649
4996
638
1173
1299
112
-4512
-3921
-4523
4285
-2197
-1089
462
-4844
2574
3931
-3849
4939
4798
-1572
-2925
-4338
-394
507
101
1081
-4639
-1556
1863
-4544
-2346
1259
-767
124
-931
-2663
3737
-2404
-2468
4696
-611
-486
-1180
709
-2729
-1358
3279
804
3132
-3422
-1110
-4418
612
1089
-1671
1206
-314
-3393
2523
-1997
-4416
2552
-296
1688
-3749
-905
3841
1963
-4136
1057
-581
3971
4984
-1512
-3978
-4729
-4701
-2841
-3616
-1498
4315
-2572
-957
-1876
4852
3388
-2672
-439
-2843
3248
-2110
1547
-2621
365
4453
-915
-2079
436
3401
4599
2845
-380
-3740
-1470
3627
3261
-1110
-4376
3974
4158
-877
4424
3909
3490
-4671
-4940
3705
3048
2703
1283
3135
1446
3784
-1782
-4061
-1117
-295
-866
-3655
3078
3025
-1285
928
-801
4895
2277
-4655
4813
1884
-1955
666
-1230
1394
-2741
1196
331
-1550
-1189
3053
793
-3324
-917
-775
-4623
-4525
-3397
-959
-2295
-867
1135
2743
2608
2795
4821
1430
-545
2981
-2549
-3480
4684
1969
-1683
152
2611
4323
1648
1788
-2107
-4168
-249
3843
1052
-3863
3432
-498
-3863
-2919
4065
-2479
4788
1453
4943
2656
169
-2200
41
-61
-1618
-4877
633
-1450
1637
-737
2484
-3312
2470
4948
-1380
-4997
4065
2378
2549
-3630
3262
279
-3863
-1128
3551
-682
-1029
-4831
-2739
3876
4880
-3375
4170
4174
-3915
-81
-3173
-2495
3940
2505
-1400
-4768
1067
-3592
-562
-3691
-3909
-3884
-1205
1813
3590
-3749
363
4202
-978
-4381
3824
1742
3344
-2440
4414
-4340
-1388
-4511
-4046
4355
-3770
-4424
952
-2641
-3
-2140
156
-2003
1423
343
-591
4446
-3874
2044
4724
128
1825
3724
1467
-2926
3977
-2114
-994
2442
4860
-3426
-1907
2558
75
440
3433
-507
-4383