-443
-1278
-3801
-1192
-1104
-4241
4995
1428
-2233
3209
-4035
-4743
1333
-3875
1685
-1547
-3109
-4424
2910
2385
-1545
-4214
-4855
-3492
1856
-3477
-234
3637
-4396
2886
-4638
-3655
-3371
-3640
4538
-2425
2338
4781
1761
-3524
1634
-2424
-1196
-1896
548
-3026
-929
-2971
1011
-1882
-2534
4116
-1668
4900
1473
-1060
-4020
-3186
566
3828
-2982
767
-734
3915
3258
3317
832
-226
-187
-322
4392
2800
-4643
1742
4925
-5
1440
-3897
2462
-4827
-1060
3459
782
-1831
-514
-4597
-2721
-1253
2007
-4380
2847
-2701
3329
-2969
2423
-4547
3768
-280
-1641
-814
-2304
336
-4447
3865
-2967
-2547
2806
3999
2582
-663
885
808
-3028
2823
-731
-3409
-4718
-4283
-4965
1631
-3198
-3044
1472
-3518
-3540
-4621
-1405
-2403
-3788
-1799
1717
1588
-4216
4424
-3448
1108
1269
2525
-2106
-1867
2497
-2495
-4729
3589
-2634
1230
-3017
-3268
2446
-1280
-511
643
2298
-3204
-1859
2380
2302
-1866
3056
-869
-3921
-1209
-598
3185
3050
1034
1662
-2233
-2318
-2415
-1052
3227
731
-2762
-4421
3425
132
-440
994
-980
-1489
2262
-3566
984
-4603
-2045
-2757
-1855
-4283
-1845
-1403
3976
2479
2292
4097
-2045
-1226
-1429
2831
-334
-794
16
-4480
-2066
-1580
2112
4764
1999
1870
-929
-3542
816
-2030
-173
2471
-1814
-2246
4090
-4290
2968
528
2744
1290
3413
-3432
-3021
-1853
-446
3185
-674
348
3945
1603
4812
-2455
-2145
-1638
-3246
4889
-994
4563
726
-1792
-3656
-2698
-4140
-1487
-3799
-2040
-36
-3880
3840
2120
3215
-2802
1347
2855
3696
2335
3580
-4853
-1753
-2580
-3979
3680
-3440
294
-3502
1160
982
-2334
4381
-1314
-4446
1221
-4860
-1723
-4269
-4705
160
-2992
-3864
2319
-4464
-50
-3874
75
-695
3115
-1658
150
1208
4306
-580
3486
-2020
-4800
3751
4217
-4453
-767
-2471
4419
2547
2417
1105
-2066
2564
-1024
3295
2737
2809
3817
4754
2618
-657
571
1769
-3296
3546
-4502
1108
1412
-1028
-3231
-48
-2074
2745
4395
1544
1789
-1899
3721
-2301
-3052
703
-603
-2461
3663
2266
3410
1645
-4698
-2426
-4640
2778
4654
685
-4163
-24
-4501
640
413
-101
-4033
4183
294
-187
-1517
1794
4742
-3725
-962
-2442
-4973
1887
-2965
3851
-164
274
-2059
-3927
-37
1876
970
-2598
-3131
2794
1671
-4528
4655
-2804
-3962
793
-3710
-2909
-1704
803
-1665
-3667
4970
298
1661
-24
-3933
-4931
-2783
-2578
-1952
-4257
-1490
615
741
2627
-1690
-3980
4402
1853
1280
-4305
4785
-3208
-4846
1512
-2841
4706
1639
-4446
-3483
-53
2111
920
-4364
-4177
2524
-4494
4985
-2394
1117
-1939
-1514
4266
-332
1367
4355
1085
-3687
-4492
-3768
3932
-77
-3308
2825
4906
3973
-4373
2550
-3003
-4768
416
4344
-4560
3634
4386
-2951
3402
-695
-2159
3635
-962
1935
-182
4940
2620
-4466
4271
-3570
-2141
1965
-3403
2823
-2955
-2049
4689
-3020
1758
547
1519
2543
4325
3430
2832
-256
-4902
4601
-96
-3979
1754
-2420
-3604
-4606
3146
3618
651
-3357
-3693
4755
3929
-4992
-4944
3530
-4887
4438
4935
526
977
270
-1094
-735
4960
1159
-1690
2592
2493
348
-60
-1615
-755
-975
-3463
-4741
-6
-4772
1022
2889
3914
1537
317
-3934
-4105
-84
3339
2847
-4708
3743
3679
-1054
2969
-3084
-2642
4397
45
4614
-1644
-4600
2000
-2331
-1933
-166
1323
-4214
-3525
4343
3824
4480
401
-4166
-2438
-194
3676
-4562
2178
-4511
-906
4473
4809
2787
-1789
-767
-3588
-1599
1416
4415
102
1151
-727
2884
-3929
-4829
-3720
3780
-3097
-2110
730
1235
256
-880
-3669
3381
2545
3700
2807
3603
-3996
-1815
1784
3821
4690
1522
2809
-1419
744
-3644
-4510
1921
389
3941
-4589
-332
-1875
100
-1860
991
-478
-2593
64
-3246
-3361
3938
-2899
-1655
-3397
-2087
1461
-3364
-797
4490
-2102
-4289
-1505
4531
1380
-4494
3604
1824
2560
553
350
-3753
-822
-1689
2620
998
-2491
-2638
-259
1413
-609
786
-775
-3420
479
-2925
2543
-508
709
-4636
-3996
3078
3931
1508
-1522
4573
-3443
-4499
-1994
2459
676
-854
-378
2245
4524
-830
3373
1653
-4555
-3493
-741
-3709
3557
-587
627
-372
-2838
1319
3231
140
-3903
2976
-1373
3874
-4032
-1144
-3655
-292
396
1096
-1895
3733
2022
-2168
2720
3548
3217
-584
-3794
665
4537
4745
3660
2167
-3750
-4122
-121
415
699
-4579
2386
275
-369
4528
-2716
-3721
-2367
-3444
-4770
-357
-4493
4897
858
-610
2440
3194
467
-1841
-4641
404
4422
-263
-2573
4528
-1549
-1911
-1335
-4090
-1428
-3784
3295
-1455
2599
3635
-484
-2663
-662
3773
15
-1822
546
-13
4444
-797
1059
140
-4172
637
253
2510
672
-3418
-1835
735
-3940
3674
4960
2303
-3398
-90
2850
2840
-2680
4901
2380
-2120
4951
-4127
2449
-614
1086
-3496
-1070
-4642
-2145
986
743
218
582
4731
2908
733
2122
2381
4695
2766
-4690
-1632
1853
3799
-1318
-1048
-789
1595
-2805
3958
-2523
3750
-2195
713
2278
4000
-2818
1838
-1861
4411
2688
-4162
-3362
4659
1727
-4620
311
-4878
3498
-4039
2000
1625
-424
-3449
-1452
-2676
2214
-2718
-4366
533
520
3600
1337
1017
2108
-4308
-4956
-4738
-4835
-1612
2948
1685
-1770
-2271
3284
2536
2152
-3002
-969
-3874
-4430
4359
-457
-717
745
3510
1278
-2744
-3931
-4202
4927
2926
1845
-2980
3926
2155
367
817
-2495
-3625
2608
3463
2476
-1296
-1041
-759
4409
-1498
827
1144
2641
4201
3861
-1029
1334
-3055
1775
1029
-282
3777
3058
-1206
411
-2573
4617
2923
-1935
-4399
4456
-777
2166
3350
-2822
3907
-2690
-4448
-3572
-2404
-331
1154
-3661
1708
3582
-2233
254
-1513
1487
3027
-232
-1454
3976
1746
3482
-2479
-1616
-670
-2922
2037
2556
-4282
-410
-2444
-332
-377
1049
1365
-3573
-945
1664
-4153
-4930
-1229
-3992
-3088
3977
-4222
3826
-1789
2802
-2647
2579
-3973
3169
-2297
948
-1995
-4521
3649
3349
-2907
3290
2206
4847
-727
-153
-2296
4906
-3553
-2819
-3556
647
-4786
3445
3224
314
-2004
-1127
4536
-1951
-2767
-3240
3195
4811
4733
-2408
-4011
1087