1595
-3238
-2743
-1812
-2402
3439
62
-523
-543
-4349
-4559
4081
4474
4546
3128
-219
-1054
-4115
-3307
-1332
-743
-3965
-3877
3253
4437
-442
2427
3363
-758
2717
4443
2224
4934
-4409
-2471
1405
4132
3704
-3999
1574
-3580
-1921
-1944
3842
3947
-506
-892
-2403
4731
-1291
1815
3480
3075
-2888
-2450
1705
4643
-1559
-2112
-2952
1965
1643
4568
4054
3158
-2704
3923
53
949
1386
3350
2760
-3355
-2160
-4458
4208
201
-2862
-2515
512
-846
-3920
1463
-2686
-2816
-2354
802
-4428
4196
1105
-4164
1541
1074
-4489
3512
-3323
3393
-1244
1920
-4914
-2651
3273
1220
4447
-3225
1421
570
1663
1501
-767
-4248
-606
1658
446
-178
2614
-4013
-4037
4864
-2475
3357
1008
-2937
773
-3824
2757
-1219
-1616
-1786
-912
-4895
3383
2711
1773
-1852
2772
-3523
-2230
-3997
-3827
-4429
-3497
-2478
-196
-4202
383
4262
-3922
3927
-1355
3447
4958
1696
2306
-1762
1716
-1920
2387
-948
469
4975
-3956
-2213
2537
-3971
3478
741
678
3619
-1518
-4092
-3506
2128
-2391
-3741
-1572
-4640
-3195
-1507
-2565
-2555
3634
43
4956
-4199
964
-1461
-4161
-724
4073
3315
-4685
3291
2260
1244
2525
-3974
3257
2545
-2725
-1900
1354
3370
457
-2642
-3813
3039
-1915
-1161
-514
1126
4237
-2539
3499
-787
1201
-731
-3553
1626
4599
-3040
3126
2545
2917
1135
2944
1236
-2588
1178
4896
-3234
-3792
3891
1824
1184
3427
4725
4774
-2959
-3107
-3976
4215
-4446
-287
1439
3828
-1956
-3983
2960
3671
-2217
-4509
-4669
-4859
-1190
-1717
1128
-2668
133
-4247
-466
-1453
1201
2979
1343
-3785
873
3315
-4259
3859
-479
3435
2820
-2807
-2509
4869
-1106
-4315
4590
2399
1902
3637
-1920
-1915
1670
-4891
-602
-3777
4318
1938
-1092
-2700
2586
3221
-4626
1592
3098
-4971
1069
1806
1207
1120
-4108
968
3081
-1901
-1752
4777
3737
-1080
-2171
-2857
-4758
1293
4798
-1632
-3925
-3478
4927
-3002
-4820
1306
-1140
-3766
-4812
-4480
-1455
-2024
-1802
4627
-4902
678
64
1718
2789
3826
836
-1830
2692
-4016
4222
1730
348
-4709
460
3826
-1632
-2681
-1799
4280
-1560
955
1495
445
1118
3764
3393
-1385
4843
3973
-1953
-2976
2180
-3385
3702
3195
4011
-881
2939
-937
-4353
-48
892
1744
2402
195
2640
-3028
-3249
-4338
-2508
4376
-589
4861
2390
1943
3120
-2895
3322
-3515
-3570
-856
-3928
-1360
-3128
-4109
-307
1592
528
4753
4703
2843
-1071
2230
-55
-3909
-3265
1916
-2181
2964
-3885
441
1498
2470
-2289
3313
3119
-4188
-2102
-3095
-2706
-1536
-2423
-3088
4317
-639
-2466
-3438
3079
2772
-3374
-3069
4631
-314
973
3416
-166
3254
-2694
3391
-1460
-3671
612
-2412
-630
-3230
4625
326
-2663
3183
2152
-1585
-3887
4469
4902
4520
4648
1609
573
-3894
407
4647
-1446
917
3390
-1756
-4480
3590
-3570
-1723
4321
1122
1371
-1439
671
-4626
2538
-335
-3866
2437
-3963
2440
962
416
-2487
4974
1054
-208
-3331
4012
-4130
-1467
-2992
-1355
-752
4268
3925
-382
1307
1313
1397
2813
194
-456
3880
-4734
4234
-3281
2280
1532
16
3376
785
1279
1559
4697
-4865
-3429
-4698
2757
3391
528
753
1729
1460
1270
-1400
-3415
1259
2300
-3420
3856
-2565
1360
-3198
-4511
-4665
3562
1983
-4451
-1002
2348
-2583
4497
3322
-3509
-4864
-4548
-2279
-4779
982
4946
-1598
-1238
2217
-2774
2089
1216
-4029
4473
-4691
-912
1852
-341
4245
-2959
2815
3931
-2607
-834
4294
1667
2701
-3579
-4964
-3570
3665
-4623
-2367
-920
-3827
3739
-181
-1153
-906
3664
3019
4635
-2916
3505
-3831
-3179
3002
-1449
-4728
-4432
2578
4232
3035
3152
-1422
-4591
4645
-920
-2283
-1006
-2625
-3558
-2835
2271
-3424
-2722
-3020
-3314
-4777
-2374
-262
750
-3711
2100
-4959
-1066
1391
4191
-4309
4736
264
-1802
-1481
644
3580
-3494
2889
3487
386
1572
3011
2119
2067
3054
4879
3673
475
-2086
-4590
-993
4742
-4696
-3433
1003
2024
-3732
-2081
1913
-38
4507
-1845
-2635
-2816
-474
-921
4839
-3186
-1777
3763
4076
1067
212
-1857
-1927
4543
2420
4569
-3092
2184
2369
-2762
4971
2756
-869
-4082
2166
4907
-1348
-4274
4902
1842
-4790
810
2260
2083
50
-165
4474
2389
862
-4199
-1660
1222
2699
-514
1530
4546
-2013
-3340
458
-3049
-1521
-1250
-1418
-2321
-3636
3412
2518
-4762
2545
3476
-3117
4583
-3725
-4330
-4555
-78
-4455
4236
1571
-1559
2404
-3075
1695
3966
2103
387
3526
3699
-4198
-4240
-1108
973
1993
-848
4750
3504
-1841
-166
2976
-3914
-2684
1636
-4859
1914
-3564
1607
4078
-4955
-4521
333
-3228
-2608
2833
-3099
-863
66
2145
-1055
-2179
-3455
-98
-889
-3201
-595
-4815
2642
-3661
-3828
2872
3564
-654
-2801
2194
4049
-2819
-3941
336
-4227
-737
1871
4388
4523
-2111
-4613
-4544
1722
-4025
-4921
-4843
-1657
-3865
4623
1784
1056
1364
3344
2389
-3166
3246
76
-1416
3548
-1522
-4839
-2408
2831
-632
-1072
-1148
2399
1490
4376
-4662
3470
1976
-4351
-3553
-4070
-4466
-1192
1722
1031
-4929
2473
922
-2834
-4822
4447
-4064
-4863
239
-4401
60
-1889
-2504
351
-697
2772
3125
1878
-4985
1934
-3301
-3970
-4577
4313
443
-1742
2591
-3167
-3244
-4978
-456
3672
-3039
4927
-2071
621
4930
3715
4739
4093
-3537
-113
4032
-812
-3896
1164
-3780
-1429
-4030
4194
1824
-664
-428
3601
3682
408
-3598
-4845
-3689
-927
-2870
-2564
3332
-1344
1727
-577
4327
-709
4123
4629
-2460
-3998
-857
1468
-2050
4550
4292
4068
-4374
4491
4996
3877
-4762
3987
3979
4673
-1324
-565
1461
4345
-899
3418
4572
-2243
-818
2359
-4668
-4192
-2825
-4915
-2945
329
-3032
-2749
4367
2921
-4763
4561
-4513
2041
4712
-2696
4455
-836
3581
4145
-3583
-1358
-1280
-3491
3942
4640
-3054
610
-4405
-298
-2428
-3834
-5
4201
-1943
-4557
-1186
4023
4411
1201
1113
2519
2643
2733
3214
784
-2653
4955
2031
-2699
1178
4979
3022
-4931
1998
-4261
-3635
-1738
-1805
3622
2613
-738
3420
2718
-1159
4318
-2169
-4366
950
4120
-3867
-2096
-2324
1279
-3509