212
-239
-2896
1208
1823
2699
-1066
791
4890
534
-571
2735
-3730
-4578
-1781
4350
750
-2664
2093
-1505
-683
-2730
-1155
1939
723
-4038
1726
4812
-3648
-4579
4114
-3666
-1341
-2138
269
-4930
540
-1527
4084
-2377
2011
-3351
-1243
-1845
-3450
-4663
3821
4678
532
4205
4683
448
1055
1967
2034
1207
2608
-2520
-2013
2238
3740
-4328
-1860
-3622
-1319
-3120
103
3805
4979
1237
-3460
3558
-2154
-958
-1359
3050
-3991
-3126
1634
-4233
2929
1754
3569
-29
2198
-2583
2919
-1742
-1525
-3724
-2021
-909
365
-2371
-4216
635
-370
3390
2429
799
-273
2467
3347
3895
-2202
-528
-2433
4210
3770
-3745
-3730
788
-630
1771
749
-3501
-3160
4758
-4529
1832
2723
4090
-2802
675
-2845
-1337
461
2682
267
4416
2580
4852
4387
4791
2643
-786
3945
2578
747
-2157
2174
4127
-1230
3715
-2314
-2193
-2898
-2139
-4720
3416
-1625
2770
4930
-3956
-3868
-35
2822
-1985
2096
3545
2977
659
-514
-4749
-2186
-2382
3667
2867
4657
3311
2349
4981
-15
2816
-206
-2290
2789
-4611
3728
3639
-2445
4583
-2377
565
-3200
864
-3182
4071
-1597
-2325
3832
-568
3216
1357
-2117
-2717
-802
989
1086
-2369
-3702
4676
-478
-1965
-3697
-437
4043
-3875
1422
-4903
2918
39
-974
-4115
1252
-2202
344
-4840
-1647
-2400
2656
-4359
3051
4270
4481
3478
2138
-1970
-3408
-4272
-279
1565
-1038
-196
2983
2328
1225
688
-2099
3858
-33
-2726
-203
-4905
892
2132
2423
-4487
-3103
2099
-3580
3421
4894
3495
-2604
2640
-4199
-1203
3362
1657
1611
3902
-1119
1184
-4468
720
1606
4989
-67
-2402
-710
4145
-570
3419
-3659
810
2996
-1435
-2213
1067
2562
-2324
-1206
-4075
-743
1070
1734
4515
78
2338
-1018
-4699
-755
-2979
4666
-4374
3078
-2111
1043
-187
-4030
1137
-4980
4632
631
3062
-2411
4692
-1217
-3688
1347
188
-4710
-4306
-278
-1912
-4302
-2485
-3905
459
-4346
4828
2789
1036
3607
-3244
-4936
-4011
-2039
-147
2556
242
2512
-4831
-1378
-1956
-3150
4009
2561
-1938
209
-1985
2191
4879
1842
-2101
-1119
3716
4764
4169
2315
927
3512
-2861
-3746
-303
-660
-425
-2966
3143
-1003
4550
1298
-4534
3650
3993
1503
-1085
-4694
-2221
2482
-826
-2363
-3884
-3379
1126
4192
3831
-3999
-1799
-3954
1617
-1102
2685
133
4606
4996
2497
2165
-91
-4427
2489
-2618
4815
4429
3069
3028
1796
-3775
-3775
-4913
753
-1668
3548
-647
4674
-1555
999
-1620
1074
-257
778
-3996
3951
3219
-3877
-428
-1834
-213
-1714
3873
-255
2787
-218
-2325
-2043
-4840
1504
4015
-4572
4228
-4963
-2855
-435
-4421
688
1568
2414
-4432
-2785
947
785
4104
-814
-805
4380
3742
4566
-892
-683
-3105
-126
-1247
-3459
1305
3197
427
3722
4707
2108
-1001
1554
4241
-1590
219
479
3885
-3565
-3855
-3696
-3749
4797
-2416
3151
2120
1479
-602
4355
-53
-4786
-1809
-124
-4637
-2926
2405
-734
4454
1736
2068
-218
-3559
3692
-4244
3730
-4061
-298
-3165
-1460
-47
4045
1982
3949
3116
730
-3567
1165
-3758
3400
-1085
2344
281
329
605
-4791
-1301
4091
4823
-502
854
4464
4667
4270
-4040
677
3744
-188
-2584
1721
-825
-3634
-631
3969
3398
4396
-3220
-4167
1432
3851
-1427
-4306
4450
4910
-3762
-344
-4509
1142
-266
-3895
-4451
-1272
4816
90
1000
-1986
-973
4834
2284
2669
-1871
-817
2127
-2211
2131
4638
4228
-4415
2665
4877
3333
-496
-663
1000
4782
3564
2427
3865
-1009
-1439
-4909
-1663
-2428
2582
1464
-258
-1209
-687
1379
-2921
-3240
4113
2880
646
-1573
-953
4362
217
-4920
1601
1507
-1296
384
3269
1013
2018
558
2479
-430
858
-2404
2650
2524
4336
1135
-2647
1887
2434
-2776
-3592
-1278
-3792
-51
3292
2507
3079
2500
-3304
613
-2927
-3176
-2566
1313
-3878
-3285
1555
-3697
-3337
574
-423
1469
-1550
-836
29
-3277
-3963
2511
1214
742
3145
1992
1545
1851
-4399
-3668
-4821
3963
65
2714
-155
-1075
4278
3993
181
-471
3800
-423
4606
4688
-2767
221
3627
1304
369
-3625
2312
4658
4886
18
2932
4797
92
-2371
-2342
110
-3890
-4553
4753
-4099
748
255
3915
2580
-3341
616
3176
3983
4492
-4003
1537
-1488
845
816
2462
2036
1687
2658
1209
575
-3056
-623
3892
-2211
1666
-2922
2232
720
-861
-1571
2343
-3403
2986
898
-4597
4845
-3776
3396
688
-946
790
-1266
-4356
1779
-3452
-297
-4935
-773
-649
-2544
3565
1074
-702
1269
-2061
3618
2261
3384
-357
-161
-3786
430
-311
-643
-4614
-2095
-1199
-3628
-4956
-3278
753
4566
2744
-219
3904
-232
1472
-1915
-4965
-4189
1045
516
-817
-4745
6
2273
-652
3227
-4804
-170
-2872
-3719
424
-4083
1114
451
-3395
327
1308
-4328
3328
-1829
-2092
-1656
-3989
4295
-891
4592
1856
-2852
4185
2804
-4662
4129
-3156
-3000
-1874
2519
652
4641
-545
2357
-1379
2184
-2169
-3305
1758
3436
-2891
-562
-3910
-27
462
-4591
-710
-2939
-4400
-1577
1630
-2053
-1043
3509
1798
2255
1537
-4615
3034
-2380
-3655
1414
2233
-969
-2551
-754
-1811
3830
606
2366
715
-2209
-2103
4738
799
-215
-647
-2434
-1518
1051
-293
869
1555
-4365
2240
-3214
-3439
3118
-689
3371
-2417
2078
3944
1693
-1495
446
1063
-3734
2482
-1616
-3562
665
-4858
1987
-4181
-1546
-3161
-144
-453
-2882
609
2640
3640
-1466
3296
-1010
1066
-1689
3880
-2444
3104
4881
2470
3652
-4953
4753
3932
4688
4722
-240
-3550
3274
1937
4794
2469
-1187
915
-4597
-2546
60
-4793
-2568
3054
1156
-3090
-4516
-963
-2871
-4873
214
-1950
3514
-2003
-2526
2531
-1301
-4897
791
-286
4427
-3575
-411
3778
3239
3415
-683
-2750
3910
-4684
3121
-666
1738
-4762
2607
1401
1398
-4613
4846
-4610
-2188
2991
1456
4436
2253
3831
4871
-86
650
-200
2843
-2060
2927
2068
-2253
-3327
4391
4803
-2320
-1863
4953
2033
-1094
-112
-1507
-703
-123
2620
2990
4543
4648
-3125
-406
634
-2157
4518
-1866
-71
2372
-1460
-1162
3024
-586
-1008
-4140
3323