4448
-2193
-3232
-2043
-2342
-3551
937
3639
3476
-4971
506
4831
2592
2450
403
3668
-2649
1786
-3001
973
-4952
-3435
-4418
3946
-1742
2087
3962
-3252
3531
2698
1916
-3915
3752
-3020
-933
-3789
-2991
-3375
1238
1095
2309
750
1051
2197
-2523
-1500
313
-2985
-4751
4884
-2589
2911
-232
4389
4143
-3003
4904
-1338
-1123
-3829
-2588
-4218
2849
-3676
-470
3075
-2689
2928
3718
3585
-2999
3547
2707
4664
993
1749
-3219
-3739
-4841
1859
4985
-109
1635
3353
-4703
1774
1935
3165
3362
-2993
-715
942
-1498
-715
1046
4376
-324
-1842
-3217
136
4784
4240
-4588
4923
-3146
-2003
2560
967
1410
-2019
1469
-1810
-663
-1188
-664
-3772
1209
1523
-1767
-3000
-4168
-3383
-4784
808
2443
3647
-2548
-4390
1578
1261
-435
-1745
-261
-3272
1972
-3919
2859
-17
4750
3135
-1720
-1748
-4913
704
2541
-537
2217
-848
45
-2270
-3972
3402
2744
-3974
-3394
4681
1781
2098
-2237
4048
2211
842
-3097
-2601
-819
-1814
2125
1996
-4761
-2081
-3805
-3397
1923
4050
2827
-177
3845
4024
1907
-238
-313
719
-4118
180
3245
-82
-3740
3964
1067
-1741
-3822
918
-4166
696
-1872
2532
883
-1217
2879
-2876
-1175
-4585
3496
554
2760
1597
2452
2046
-941
-243
4890
3235
161
820
-2107
4596
3003
-4104
-2737
-230
-321
2234
3443
-1908
-1108
1920
3323
-4169
-3879
1579
-2775
-4536
4641
3806
-3033
3315
-4592
4187
-30
4361
-1114
-4006
1079
-1830
2099
3367
527
-3580
-250
-345
-679
1159
1398
-2302
-1669
298
-2855
2598
-192
2231
982
-1471
4145
-2604
43
-4326
-922
4663
175
3581
248
-2666
-3838
-3805
-2176
1630
-4927
4824
-600
-1187
1683
-4372
944
-2542
696
4800
3193
-4594
2777
3856
2330
-2214
380
-4535
220
-4895
4420
-3325
-1876
4973
-3564
885
1570
-809
-458
-1278
-150
3480
2262
-2816
43
-1903
-982
-2491
211
-4113
-713
3261
1942
-507
2084
3740
-2077
-2582
-4585
3397
-2853
-3550
3845
208
2084
-4677
2358
-4589
-3673
3487
4805
2948
3993
2446
-4831
-541
-107
662
-171
-600
991
-4453
3205
4261
2750
3744
1188
2884
-218
3144
-4560
4802
-2047
-4546
4350
1758
-1507
-4743
2659
1437
3853
-3348
-2823
-3170
-4533
1801
1628
3268
-3770
897
-2318
1145
1144
2631
-1194
2058
2907
3013
-2711
-2124
3113
259
2129
-18
4360
-3850
4662
-458
-3319
687
-4573
3885
500
-1153
-3202
791
-4597
-2554
-2489
-3791
795
576
-3533
-4743
4511
3582
-1669
-1577
-2802
4912
-3030
-3932
-3962
-2947
-728
-1307
-4619
-41
-4053
-871
4277
-4602
2448
-3506
4674
-964
-2111
2863
-4032
-415
2147
3102
510
2351
-4102
-772
-4088
1283
-716
3655
-3179
2143
4523
3488
936
2983
-4396
-707
-4162
-435
485
1212
4446
4221
3540
-1343
2613
-4131
-1017
4130
647
-129
-3941
-1032
-1850
3923
-1005
1942
-4172
2432
-4490
-1853
-1529
944
-1340
4671
-4722
2082
139
-4826
-1447
4234
-2792
-1414
-1705
1236
2441
3743
-353
203
-302
2384
-1589
-1605
-1176
1527
1025
-4060
107
-4841
4674
-1528
-4518
2587
4351
-3514
-2995
1960
-3213
4565
-4448
-2815
2536
-2276
2998
-695
-936
4514
-211
1352
-2504
3552
851
-1166
3745
-4770
996
-1172
-842
-2652
-363
4405
3708
197
3622
279
-801
1565
-1384
3985
785
4447
2581
-4901
-2887
4223
-538
3708
1363
587
-2959
-4591
551
-4233
4978
-918
4801
-4233
-1814
-1229
3580
4333
-1251
-2106
-2824
-1244
-1071
1894
-585
4429
-2490
-1779
-2611
-1601
3097
-1131
3066
4570
-4771
-4103
1941
3610
-373
-3543
1919
1982
-2539
4649
-1983
2092
4220
2162
4651
-740
-827
-4544
4938
-3476
4255
-4451
109
-2825
2812
2113
636
-4641
4095
932
1808
-2007
-2200
-187
4305
-1339
-667
-46
4919
2432
2178
-1984
53
-3803
-3822
1185
2688
-2042
-1879
-1674
1885
436
-1695
-3165
-1824
-669
-2023
-2179
2149
3999
3653
-1762
4961
-1341
-3214
1601
-4700
1297
-771
3574
-3124
861
-3848
-4697
2175
-1827
-4613
-1540
-3073
-4687
1622
-1159
3729
2850
-2481
538
1570
3313
-4285
-2674
-4687
-1108
-1121
-3823
994
933
-1237
1587
-550
1418
-4226
-1985
3722
4955
3336
2380
-2017
2163
-1545
3391
2770
1624
-4334
1419
4229
-1078
-2737
1475
-2807
2060
-4188
-1675
-4844
-4140
1106
-3154
-2974
4055
-1886
-4316
-1002
-2777
-1594
4257
964
-3892
1117
1216
-830
-4672
31
2326
2544
-1949
529
-2588
277
3693
-2716
-2790
-2034
1371
1514
4757
-447
1196
-4154
4184
-3103
-4376
-1125
-4059
-4905
-1575
-1211
3501
1672
-3441
4294
3162
4356
-3245
1205
3218
346
-2696
-3329
-978
11
1702
-2175
4606
-290
605
-4957
668
-2336
-2174
-2759
-4333
-3320
823
-4207
-991
-2774
2159
-1078
-919
4869
-952
269
251
1829
416
-2639
-4013
-1547
129
4271
-3629
1089
-3494
3583
-3795
475
-4098
4117
-704
-1817
1291
-2531
3034
-606
-4273
2806
1411
2242
-3696
-359
1638
-919
93
1695
396
2542
-3467
-4076
1389
1160
2059
-3552
-3406
737
4842
-3323
-258
600
3777
-84
-3670
4333
-1494
-4167
-1541
210
1582
-1079
4735
-4771
-4377
-1518
-4071
71
-3644
-941
758
418
4498
-4932
-4805
-897
-4261
-4912
-416
3177
3416
-1876
2695
-1140
-4869
-3389
-878
3930
-4103
2580
-497
715
1051
-16
-2721
-4910
2191
4690
-346
4762
4681
653
-450
625
-3422
-3097
-635
2164
806
-4033
-1562
-2308
-127
-1535
-59
-1369
4261
-1984
-573
2470
1663
-1415
4040
2883
-4925
956
-4520
4468
-4747
3449
4717
-239
1897
1602
-1637
-1396
-2534
813
-1113
3530
2013
469
440
729
1277
4120
746
467
-2245
-2207
-218
1924
1979
4462
-2004
2793
4672
-1043
4732
-4371
-3132
-1628
-1258
-2449
2088
-1531
-380
3325
-675
377
-1844
194
-1199
3275
-1700
-2138
-1654
1794
458
-777
-606
2690
3670
2373
-1540
162
730
-1464
3174
-4400
-4024
3081
3336
564
4994
3376
-2515
-1225
3467
4629
4837
47
-4758
4109
950
-171
1637
3227
-1887
2002
-3582
-4618
799
18
-1271
1266
3985
-4710
-2880
-1644
4542