-4141
3444
-4229
867
1780
-2936
1698
-3649
-4602
-2175
1030
-4626
59
3501
-68
-4466
3962
100
-2068
2200
2272
1026
-2314
-3532
-1479
2586
3318
712
1065
-359
-3805
-2412
4076
19
-2926
-2031
2930
-4873
-2157
-1323
1494
-4660
596
-4972
4613
2708
-102
-2949
-2248
3782
3510
1910
3386
4202
2153
4609
-1547
3179
2918
2011
-1776
683
-4232
-3158
-2727
950
-4081
-2108
-671
3790
-3391
-2113
-3241
2395
-3157
-2143
4787
1186
4451
3774
-3305
-1688
4650
4732
-3035
-4394
-3139
-3508
1311
-3339
2654
768
1950
4854
-1802
-3862
3548
2379
-1039
-4253
-4251
3608
3093
1579
1044
1832
-649
-2514
570
3570
-3684
-2904
-3850
-89
-4152
2409
2862
4035
3072
-4914
-1897
1401
2256
-4166
2864
2651
2722
929
-1171
2150
2423
-1664
-329
-470
-258
1042
-4524
-1732
-144
316
3707
-3960
-4351
-3826
3898
3469
4612
2060
-3586
-3284
3128
-4318
-4390
-1343
-2404
-1146
3319
4011
4035
2116
-4558
653
-2283
1348
-4927
-1887
-1738
1578
971
891
-1494
-3567
1693
-1582
-4463
-947
4395
-782
356
4473
-3850
-2373
-1989
2340
-3836
4236
1704
2599
2820
-212
3456
2493
4517
2821
3311
-273
142
1336
190
-3204
3824
3299
821
-1603
3656
2060
2420
3900
670
-1993
1631
4425
-750
516
-3125
3874
569
-3157
-4134
2589
-2026
658
-2851
-844
-2496
3569
-1460
1567
1251
-923
363
15
3178
4522
611
800
-425
2875
-2319
1547
420
-1041
-2069
-1974
578
-4592
4649
636
2366
4482
3812
-3140
-4032
2698
-3377
350
2664
4526
-2398
1123
-4043
-369
-4954
2598
4340
4688
-2507
-2561
3222
-1136
3192
-1022
3761
-405
-119
-440
-3685
-2362
3194
-952
280
1204
1384
-1275
2233
470
-1637
3699
-1768
-2543
2748
-4669
734
-4043
-494
3909
4886
2025
-471
-3892
2503
-3734
-1716
949
3142
-2238
4763
-2495
-4077
-1469
-4787
983
-216
-3296
1015
779
-3895
4795
2633
1931
-1942
3572
-1624
2338
-3585
-3118
-4326
1728
4345
-3362
1942
2333
-4659
4107
4323
2072
-3748
-290
-1482
3110
-1782
4484
-4002
-1861
3919
-1351
-3896
1888
1864
1016
1907
-1447
1891
-4775
-1553
-4945
-1205
-756
387
-4682
445
-1102
-2634
3011
3559
-3681
-2526
-3416
-3751
-1168
4640
-111
4691
-2622
-979
-258
258
-1229
-3269
-2114
-2305
-678
-4904
-798
-4952
4194
725
2098
986
-2654
390
-2060
-4096
-946
3719
-25
2983
-2303
3231
609
1511
4921
1668
-1596
-3797
3651
625
-4881
2209
2642
-1426
1723
2258
-438
-1452
1068
-1108
-1763
4742
424
-4005
-1375
1719
-3641
3215
-4012
1488
-3364
2368
-3659
2014
214
1054
2099
-456
1871
190
2893
2838
3684
-1700
-3769
-3652
-1558
-3249
2513
898
-4021
-1635
960
-1342
-3893
4439
1936
-1560
-1998
-4649
1280
-461
4766
3697
-4795
1481
2126
3701
-4318
850
4853
-4599
-1597
-3831
-3373
-113
-597
-3751
-824
-1702
-1097
-3941
2340
-1279
3892
-1979
4600
896
1944
-1092
1919
-2867
446
-2107
1432
-1021
3966
2569
-2527
-4783
-3247
2850
4329
3223
-595
-1693
2704
4616
1923
3878
-853
-3810
1380
-2671
3868
2202
3430
1793
1237
-3105
676
685
3997
579
-2620
-4220
3611
-262
2600
-4570
977
2500
-1476
-353
-2007
3648
-4797
-2932
2421
-2953
-334
-1118
-1049
3453
2086
3948
133
-1685
-2463
-3135
-3707
3444
4564
1529
445
-1209
-2555
-4335
2384
-2808
-2790
1349
-3945
-4493
-4114
4296
4146
4291
3420
-3455
1755
-2021
4935
2627
4427
766
4506
2542
782
4120
-3901
-4674
-378
4476
-3126
-4360
-4198
-3107
268
-4567
-1864
-1236
4320
-4339
-3167
-2643
2030
-4827
-3938
-4946
-4315
2048
2260
-3523
-4484
3865
1693
-3138
2788
3803
-1566
4608
4454
512
-2331
-2155
952
-4560
4544
4232
1287
-1194
1806
2674
-1941
-769
3844
-1989
-693
3684
-4828
969
-37
4828
4987
3365
-1411
1940
1961
-1149
1022
-3929
-3658
2553
4722
608
2302
827
2402
-4812
-709
-2324
-3398
2462
3464
449
-2407
-1122
-4767
-2724
-148
-3642
3188
-3378
139
-2795
4564
3431
-3599
892
2071
4724
-3457
2690
-224
4121
-1774
-3631
-3138
1538
-2456
-2545
375
-4666
4764
-4325
1867
-10
-2033
749
-4908
923
-1914
-3107
4945
-4204
-4904
-3549
-3074
3747
-1567
-1918
4249
-3006
1471
3907
-2118
4229
4770
4513
-2259
2117
-4791
3365
1587
4016
-2859
3609
3426
-1333
-2380
-1275
606
-3994
4984
4845
-2622
655
-1885
-4188
2597
3722
-4905
3571
-4397
2750
-1985
-1750
-4649
-852
1791
-1326
-2683
3787
2303
-396
-728
3307
1103
547
3618
4412
-1654
1725
4472
-1022
4863
1372
3342
-200
3189
2939
-158
-3876
3505
1753
656
-3360
-3919
3963
-3008
812
4165
-2894
-413
4488
4426
4313
1341
3697
1071
-4012
3838
3550
-84
-3378
-3085
80
1467
1936
-1326
-461
-1067
1046
-554
-1348
4479
3635
4007
-4416
2435
-4865
2182
-4892
-3707
-4633
1260
2071
-787
-2189
4683
-3445
2799
2533
-50
258
-1834
-1132
4558
-760
-3694
2101
-3454
678
583
-310
4832
1726
-1517
-1389
-628
4596
3855
-1239
-4468
2639
-520
2976
-421
864
332
-39
-2700
-2101
-2859
-1416
1430
4957
1509
-3295
-1764
-4462
980
1107
3713
374
-2056
4893
2202
-3680
-4712
-904
1481
2656
-4939
-2197
-4838
1077
-1066
-3294
4970
3214
-4752
-1755
2155
1849
3706
-2405
2743
-2151
-2103
-2153
2282
4697
2262
389
4748
3210
-2394
959
-1281
-4904
-3054
2470
2789
253
4113
3455
3604
-4301
600
484
3235
118
-2432
-3787
3604
1033
1913
211
-2903
1664
1615
2195
4535
584
2071
3381
-4802
3906
4799
-798
224
80
-3078
999
1538
-1393
-4311
-2714
-2659
-385
-2298
1165
-2113
3882
3267
-2400
1131
499
-4570
-4030
3958
-2840
-600
1078
2380
-4815
-3908
-3901
-1059
-90
-922
-3376
-2373
4342
-3411
-3279
3638
3715
223
4805
2483
4047
-1484
3804
-780
3696
-2447
1106
1006
-4752
-2885
1028
1145
-3389
3159
375
-282
-186
-1682
-1132
-126
-4488
3016
2331
638
1132
3098
2
2201
3072
-627
-3282
4988
-2322
2259
-3949
1906
-3595
3179
1608
-174