-3025
-3323
-4733
2544
1798
2704
-4231
-4111
-1219
122
4678
-4412
614
2611
314
-431
-3841
-497
-605
-1757
4303
-1894
786
81
-3787
2398
3043
1183
262
2383
-1160
-2297
-3072
3449
-1561
-4624
4073
-463
-1420
119
515
-4081
-844
-860
1950
-4103
3035
4922
-1105
-3924
3940
2659
3440
-187
-1864
1847
-4854
-2445
-1266
-2042
1042
-2646
3610
-1439
-925
-1410
520
3495
-1461
2656
-4102
4173
-4008
-3456
-1527
-2071
-3042
-1502
-3750
-3052
4290
2983
2893
1093
3816
4045
-476
1921
-619
-4201
-2301
2851
-1298
-3035
1664
-4151
1805
-75
536
2298
-2094
-1244
4065
1603
4340
2291
993
892
2747
-364
-775
-3731
-1981
2790
-3290
1931
-585
-4367
3494
513
-3196
172
-3746
4476
-1494
-4538
-4335
-4749
343
2822
-434
-629
-1583
-290
-4370
3958
-4252
-1041
-3718
2294
-2570
-789
3829
-1654
3526
4704
4325
-53
2076
4326
-614
1932
2047
1083
1711
-3960
-3984
3485
725
-2462
2367
-4612
296
-3277
-1703
4883
-3932
-4975
-2940
-2115
-4886
2158
-1184
-4041
-4243
-4317
3748
3369
2257
1205
3783
3432
-1894
-2022
4990
-4958
2803
2867
-576
-3363
3033
-186
1964
-1958
-2455
3147
-749
266
-4981
-2357
-2352
1417
342
3848
-2741
-4935
2699
-172
-616
4762
-2721
950
440
3111
-67
-2072
3245
32
293
1185
-4487
865
4423
908
2901
-2820
1879
1582
3376
3894
-931
1128
-323
-490
-1150
1763
3089
-3062
-4323
3033
-69
-3833
-653
4079
3408
1312
-1474
3721
2331
-1423
3573
-4629
-832
-2009
1625
-43
-7
-2925
-2971
-33
-898
-2725
4356
4167
1379
-2683
-4683
-3464
1327
-2102
1600
3956
-157
3459
650
1445
2499
994
-1697
964
-914
1310
-4823
4926
-797
-2257
-1803
-4290
2386
-897
2087
560
-2370
3175
3357
2141
4360
578
-3323
-4832
-3725
-4751
4407
4114
-4356
-4678
2505
263
1114
-2464
-73
3837
-3298
-2856
922
892
3096
-4026
-4827
3389
-3858
178
-1112
-3490
588
-2826
-1174
3001
-821
-3872
-951
-1673
-4815
-361
2421
-3039
2911
3759
-1513
-1907
-723
2008
381
3279
-3467
690
-2921
1271
2751
-1056
4626
-1999
3995
-930
4459
-3826
-3612
620
-503
-4774
1655
-3499
4024
-973
-4438
3962
504
-2796
1801
1650
-2777
-159
4926
-1079
-2979
1425
1460
2862
-2195
-3490
4084
3644
-2915
1877
586
-2537
-3745
-1692
851
-3846
-3428
3619
-3446
4051
3798
-3622
933
3503
-1968
-3789
135
2277
-3226
4005
-3996
2636
-428
-3287
2154
4173
-3424
-3006
-4952
-3619
-4480
3880
3403
-539
2279
-4293
1975
-4048
2296
-3994
4260
259
-3499
2864
-811
1693
2553
-4271
-4119
691
4510
-295
122
-3771
-1832
425
2038
-3238
-2661
1175
2312
-4183
-4199
-4654
-4576
-793
2680
-2194
3034
-1437
-3405
-3538
-764
-2355
3307
4925
4381
2005
1937
2379
-2561
4205
-4088
1235
612
2518
-4610
-2767
-785
-2405
1159
2250
2108
-4228
-2962
4606
569
3201
2456
2061
-2850
-2930
2490
4853
4677
-4341
716
4688
-1325
934
393
2094
168
729
-2392
-3947
1309
470
-1558
1049
-692
-386
2117
-467
-2935
3041
4903
-2752
4849
-1974
2347
-1930
2713
-2845
-464
835
4191
-964
3049
-4907
679
2914
-4519
-3826
-794
3236
921
-2005
-3395
1775
3939
-2861
-4104
-4325
-104
-490
-1727
2959
2431
1008
-913
2697
4119
3716
-3157
1752
-3839
2902
4778
282
-1154
-3139
1273
-2300
4397
-4476
-1652
2621
-4350
3439
912
2970
-1700
3557
-2855
4844
1000
-9
-3190
-4875
-3569
-188
-4243
75
3190
795
-585
4712
4841
-2507
1222
1409
-1398
-4315
4267
320
2329
3031
-2413
310
-2762
3298
-3809
2869
-2608
2074
3790
3185
-1205
-2070
-13
2957
647
-3583
-1418
-2704
4669
4489
2718
-1406
-70
-3103
-3332
4249
-261
2018
-2986
4825
-1486
1683
-1675
-4661
2753
-4837
-4898
1418
1828
2537
4495
3679
-2732
-2256
-596
243
3413
-95
1998
1206
3308
-3960
-2178
486
-166
2821
-1314
-3480
3789
-861
-3803
-542
3512
-791
3380
-903
-2315
-3432
-4772
3350
2249
2951
-3467
4791
3291
-321
2913
2493
294
4532
-1838
-4673
-4143
-4655
526
-686
1223
3229
2462
3915
2950
-3454
2612
4940
-3180
1440
1283
4990
-4591
2965
2066
-412
4758
-4253
2909
2992
-4219
1908
-2374
1388
-3163
3282
4513
651
1811
2801
1831
-4438
-2176
1574
1928
2729
563
3121
-1698
4714
-4855
2155
-4395
4505
-262
-150
-1492
-2325
-2481
3168
-4616
2760
3913
3575
-1460
856
4988
4548
3185
-1862
-518
2260
3438
-1801
453
-1410
-4978
-1424
1205
-1990
-3352
2408
-3193
-1282
-4670
-4857
-281
-567
-3265
-1824
-2046
-2374
4612
2504
-1949
-3782
-222
-4821
-4473
2221
3084
-559
-3726
-3141
-4031
2337
4146
2807
3051
484
818
4843
664
440
-1574
387
216
-1656
189
2597
2918
-1302
-2472
-4862
3868
4627
1990
-4611
883
2047
2375
-600
4200
2662
-1776
1856
2877
1631
208
3165
-3882
4750
-4120
-2096
-789
3074
-895
4616
4343
-2815
-3519
-4488
-2967
339
-4024
4363
-3346
1461
-3961
808
-2749
3847
-2059
2647
-2205
44
4391
-1964
-1393
-3492
-1893
-4000
-1797
-87
4972
-3701
652
3661
-1257
-2310
-3311
4416
-3046
-38
156
1738
1009
965
-4948
4143
-2657
2028
412
3397
3887
-1003
-1012
2325
-3379
4754
3573
126
1755
3958
211
-4191
-4827
4054
-1697
-3949
-352
-1173
2317
-3043
3113
-2332
2031
-596
4949
-1011
3696
1727
-3575
4084
4307
2963
-2586
-1697
-2371
-273
112
-3640
2872
4210
3525
-1104
-1990
-2541
4430
-1193
4489
-2316
4321
-533
4861
-3616
3563
-2047
1701
952
-510
950
-4712
904
-1493
2217
-1607
-717
4977
2370
-789
1189
-4533
-767
4715
3359
197
-2233
-3071
-3019
-2105
-4058
-2371
-1614
-3903
4375
230
-532
-4693
3645
-4819
1049
2278
3984
538
3951
-1308
1762
1982
-4658
2362
325
2161
4894
-1647
4
352
2044
407
4607
2488
-3077
1529
-1845
-1382
233
146
494
691
552
-923
-3391
1407
3949
-981
-3633
-4138
765
839
4211
-3580
-201
-2741
1521
-1952
-1388
1338
4312
3458
1690
-3887
860