4651
4643
2753
-3748
-3529
-620
-1673
2047
-339
1544
-2325
388
3823
4254
-1440
-4035
-344
4754
-3865
4636
-3442
543
-1981
-4076
-791
-1616
-1153
2428
2396
-4705
136
-2380
-1040
3395
-2644
3624
4259
4034
2583
-4895
394
-3909
2136
1195
-285
-3865
1848
-2862
3501
-3197
2788
1369
4822
3090
-640
-126
2549
29
-1993
-3811
-4612
4521
-3402
-4000
457
-1235
-2427
3295
4615
1025
-715
4102
1862
3531
-1901
2356
3862
3176
-2105
-533
-3926
-2420
-406
-1133
-3964
-2368
-3825
4974
577
4823
3944
4388
4282
2104
-474
-2875
-642
3716
1078
849
3627
3595
4070
-339
823
1264
-676
4513
-4691
4346
-3318
-1216
4867
1061
4676
463
4720
-4543
4037
2719
-1968
-4113
3417
2940
-3354
-2378
4217
-4406
1829
-4345
-1266
4211
-1756
-3290
1716
4731
-2146
-1912
895
910
-2115
2571
-4064
-242
2143
-2030
1694
4263
-2535
-491
-1753
4539
4506
2794
1660
4401
2026
2050
4059
2473
2582
-2535
-2838
-4980
2443
939
709
2498
-798
4210
3910
3891
-2876
4451
-2716
2339
-1588
4375
-647
-1591
3213
-121
3648
4030
3595
420
-3035
-4130
3718
-2580
-636
-2313
-2066
-3820
2231
2722
1065
-1452
-1501
2928
1890
-814
-2054
2522
2328
643
101
4437
-4563
-2436
-440
-256
-1713
391
4294
-3805
-3905
1405
611
2832
3067
-1673
3351
693
4023
-2269
-2469
-3349
3895
2365
1038
-4300
3578
3537
-2738
4509
3593
-679
-3692
3014
658
2051
4496
-2134
4345
146
-144
-629
3859
3250
-4645
-1054
-1983
-937
644
-55
4987
233
2969
1579
-1346
1905
1598
2446
1300
-3985
-2173
-113
-2612
2176
2315
-1440
-1139
-1967
-2542
-816
2235
4119
-2870
-692
2925
4806
-3678
-679
-1537
-4169
280
1812
-2312
-565
1163
-4336
1604
-2256
2767
4221
3916
-1118
499
1804
-4947
1231
-1567
-4868
4833
-55
2392
-3821
-2170
806
1756
-4276
4764
2977
-65
-3646
-3418
-3822
1785
1221
2305
76
-628
1918
4485
-4517
2150
-2775
2509
-4941
1966
4207
3140
-2190
4196
3762
-3734
-1703
2728
2914
-1823
-3363
2750
2987
-405
2302
-2253
1729
4415
-2769
2700
-1950
-4271
-1270
2015
-1370
3301
-2269
-1175
1258
-78
-947
3860
-3973
-3830
-2848
-2639
1886
4315
-239
-349
-2714
-3450
4018
-2776
2516
4801
-3175
-3741
2049
-1700
978
-1676
-1307
-703
2417
-2374
3464
-4386
-974
-3480
3899
4249
963
402
1558
2015
1601
-535
-2054
-429
3508
3741
-2662
-3771
2151
1637
2050
3982
-4015
1774
3968
-1704
2253
2204
-2669
3230
-2150
-894
1789
-7
-1132
1060
2733
2938
303
-992
-3098
-1194
-1390
-3713
-2755
-2905
2001
865
-4881
-294
2587
-1687
2894
1651
1588
679
276
-2379
3141
4235
-4070
-3140
1076
-4933
262
2236
-4958
1432
4141
4053
-4891
1508
3301
-1771
907
-143
-3913
2623
3616
-3544
-4113
-4372
-1703
2086
1743
-2457
-1255
-2415
-4674
-536
2916
-4331
-1770
-4086
-3061
1262
-2369
1635
-777
938
4936
-4057
641
-245
-1896
-4442
-1370
-4929
3304
2860
991
-1294
-1430
-3684
646
-1617
-683
2387
-4241
-2141
-4659
2656
-1442
-883
343
2499
-1478
2744
-4015
2166
2828
-1521
199
-3630
-3568
-661
2391
-4981
-4573
-2850
363
24
1968
-3171
1391
-754
-4051
3781
-2968
4354
-2504
2733
3944
-338
-3203
-568
3425
-196
-3506
-3364
-4210
-3963
-962
2880
-576
2054
1542
2244
-2530
2667
1474
-4
-3283
4037
-450
2252
1352
-3516
4337
-888
-4939
-2713
-1199
1783
-3448
-3113
-584
1791
-287
2454
-2390
-4171
-1675
-2995
4202
127
-1170
507
1569
2709
-952
-4239
-470
-945
266
802
-2556
-4744
-4108
2821
-4486
150
-4534
3945
2550
1278
4132
1054
2785
960
798
494
132
-2973
-2014
4261
2334
-2310
-574
-3736
-2836
3133
4598
2699
-4128
-1452
4443
-3270
4498
3470
-3997
-3714
-3905
-3455
-67
3118
4327
4594
-3299
-5000
1793
-3656
-3384
-1623
-1046
1824
-2267
-2918
-2803
-1159
-4769
-4438
1264
-4964
-326
2113
821
-2741
-79
-1779
-156
116
-1537
1194
1262
-1837
-1476
-4605
868
-909
-3013
4519
-3969
-412
4205
-4112
-1522
2094
-3030
-4575
-639
952
-582
2709
-627
1281
2177
3085
1325
2900
1493
4154
3549
-4309
-1480
-4518
-452
-2237
-3010
2283
510
-4558
3690
593
-1970
-3607
1661
-3659
-4541
-2318
4158
4217
4839
-2532
3048
3396
-3768
2824
3251
-4929
1007
1250
-2220
-1992
1968
4124
4238
3975
3529
2597
4156
3628
-1839
-4715
-629
2381
-4547
207
328
4873
-938
2131
4767
-4850
2812
2427
4977
-3283
4657
1277
-3212
3744
-4592
670
-4572
-2127
-2342
2590
-2010
4779
-1477
-1197
-1748
-4294
318
3346
-3409
-2816
4975
-2256
-1088
4226
4290
-4811
2458
-1188
-4067
2715
-762
-2844
1526
4013
-4143
-200
-3400
-2880
1260
3614
-306
-2144
1212
-560
-3836
-3066
666
-3314
4891
-4919
-882
-4446
-4184
-690
2682
4844
1754
-1870
143
1870
1153
1365
291
-1395
-729
3110
-2888
2492
-339
1679
1604
178
1890
-3175
-4152
-2594
-4301
-867
623
-3848
4435
-2850
3103
-903
3798
3701
-2807
1225
-2384
1170
-2786
4973
3477
-3645
2103
4009
-3001
705
-88
1475
4169
4343
1446
1906
-3703
-2579
-3308
2211
-2240
-84
4886
-1572
4744
-961
2858
-228
264
-34
1916
4866
1209
1658
-4406
2660
297
-1966
1477
-4505
4508
444
4200
13
1398
-4719
132
-4782
4725
-1789
181
-1883
1255
-1057
2751
2345
1216
3855
-4755
-517
-4608
123
-132
3847
26
-678
-3882
-3815
815
-863
4958
2957
4990
-2756
1748
-646
-1308
-2060
-1643
-2245
4782
-4880
-1074
-1233
-330
2935
-4453
-976
3791
-4737
-2634
-3810
3312
4688
-3263
3666
2791
-3349
4295
2032
-3665
3711
3029
4367
-305
4010
1039
-1717
-2813
-294
-1217
-3432
4503
2030
-2365
786
1226
2151
3841
-2137
-4108
-2935
2088
-2790
-2064
-4535
1092
-2616
-1015
316
4429
1694
1614
2346
3082
2466
-3005
-2850
4475
-1841
-4924
-4132
-3973
-1834
-4487
1159
2929
-1992
1681
-3624
3469
2150
1870
-3864
3540
-1830
4592
283
2073
4149
-1459
-3442
-3233
1128
2061
4242
4714