-3628
-472
-2625
-577
1748
-435
-4717
-2721
-1008
1946
1153
3023
4216
-3947
4691
1857
-1332
-4351
3971
4039
1546
-1886
4716
-1582
851
-540
-2174
131
2611
-4852
-3744
798
-4064
3252
-1759
-4268
1840
-2021
-4722
-2911
-196
-606
32
628
-4297
3331
2720
-1283
1239
831
-4288
-1012
1582
-2918
3744
-4034
-4183
-4172
1243
-4669
2568
-1539
1376
-201
2123
-337
-4880
160
-47
-1871
-4723
1953
1208
4130
-2403
2037
-3472
-2106
3003
960
-2357
4095
3555
-3311
-323
-1030
4829
4583
4448
-1831
2767
-2225
-4595
4363
1220
-163
-2532
-3863
1804
-3185
3917
1714
-3486
-4570
2541
898
-820
-2998
4708
-3252
-1929
1095
4875
2703
-3180
584
-1281
3162
-3134
-4239
3521
1703
1258
-3894
-1530
4500
-932
-2193
1465
-774
1041
10
810
1242
144
-305
-3754
-1113
2527
-3971
4203
-713
-1737
3489
-3746
-32
-2444
-2644
-2859
888
3850
-4655
3130
2463
-2027
-2542
-799
1250
-691
-3002
656
-2242
2995
1032
-2968
-2807
-4309
-1416
2450
1526
-899
-2
-3154
-2432
-240
1194
4730
1667
-627
1099
4912
1276
187
2010
687
3668
3438
114
-4412
918
-4178
-1585
-2638
1360
-478
590
575
-536
4697
-3480
-524
2671
-3917
4248
-4681
67
4817
1640
3533
764
-2024
-2596
-4719
858
3983
-892
3272
-4521
-3352
3994
1387
-3000
-2557
2558
-123
1125
-3523
-1543
-499
2863
-2985
-3159
4697
-3444
720
4100
-2379
2091
-4348
872
-2382
-1461
1016
-3527
-4450
2729
4941
-3852
-3705
-4498
4678
1613
-2652
408
-4851
-3298
-790
-4517
3904
-657
-4950
682
-2861
2481
824
594
-2258
-3190
185
2883
-140
1450
-3425
1730
1037
139
2130
-799
-2699
1418
-2697
1949
-1939
-1251
-3312
-3672
-992
-859
2590
279
4215
-199
3007
4884
-2107
-674
-928
-2743
-1906
1420
4314
1317
2902
3710
-4026
-3524
1587
-1482
1839
-2507
-4815
2803
-110
-779
-1520
3869
-4246
2201
4578
-497
-3040
-2827
3303
-3797
240
2495
-4888
4805
1547
-401
909
-4744
-1689
823
-1261
-4564
-2623
2543
938
1243
3131
-4852
968
638
-2024
894
1167
-268
3256
818
3097
255
-3564
1718
4802
-1044
992
-4288
-437
147
4241
-3829
-4679
-2260
949
3449
2769
1462
-1053
4224
-467
-3816
1110
-870
256
-898
-1023
2881
1733
-1600
3349
4229
-932
-4627
4190
2418
4782
3989
1505
-4101
3934
4061
4189
1892
3812
3037
2824
3428
4194
-2708
-2781
1311
2733
-4141
981
-901
739
-3875
-682
-1259
2415
908
2253
2728
964
2724
4357
-1087
-1269
3290
1910
3061
-4333
-3879
3347
1145
-3046
4705
-1201
4090
-4975
326
1923
-1074
3146
-2046
2726
-574
4414
-2589
3548
1400
-2524
-4536
-568
3430
4831
4278
4330
3613
355
2552
-3607
-4536
-2142
-1798
-4187
-1143
2595
-1686
4650
2679
-3143
-4308
-2808
-4108
2393
-3681
2764
-2596
1140
3349
4193
3096
-4707
-818
1086
1356
2523
1335
3147
-180
-1370
4936
4862
-4547
1436
-4639
3989
-4396
1244
3067
3783
2618
-936
-2493
276
-388
-4431
1261
-2005
2442
4994
1539
4798
729
-3609
760
-3119
2884
2515
2629
580
600
-1230
1114
-4442
3781
4911
1013
1535
315
4299
3793
-4176
4882
-3803
2760
2264
4401
-1954
2256
3019
3261
4776
3853
-2383
4927
-464
4667
-4265
-4283
4272
-309
-3130
4447
2470
-3808
-43
-2830
-4263
-1364
-4735
-1642
-1998
-2917
-283
-3039
4668
-4758
2963
-2885
-1448
-1131
-1699
-1574
665
-2391
3046
3159
-383
-4550
1710
-2843
-1575
4405
1950
1907
-3564
-4235
-637
-3247
1005
-15
4840
-2822
4838
2968
3887
-2345
-2507
-1215
-4311
-276
-1739
4711
3637
3339
4420
-1100
-4251
4132
3934
1748
-2930
-3590
-3548
4990
3112
-3216
-4610
-4150
164
1475
-449
-49
4868
-2691
-4893
-2810
862
4546
-10
3382
2532
-313
2346
-2874
-2658
1524
3456
-2381
-3975
-2662
-2329
3375
-4923
2479
3356
-3234
-787
3514
2831
-2031
3290
-2680
-139
1208
1152
1622
-4638
765
1828
-3080
-1668
3806
-3015
-50
2822
-3899
2638
-2018
-3718
-1209
-4958
-377
4700
1874
-4375
-4736
-1398
-3635
-306
161
-2085
-1707
1096
-886
-4308
852
611
-1760
-4967
1438
2473
4291
4931
-1758
1928
-117
-4905
4948
-307
1669
4616
1866
-1724
-2124
-4701
-4075
-2978
-1653
284
2714
-3386
-1647
-400
-4431
3473
-3131
3620
3657
-3173
601
3232
2574
321
-599
-852
-701
2260
2705
1639
-1810
-4375
-3296
3137
-2383
1174
-4831
-270
4245
-660
4279
137
-1834
-924
-878
2972
881
-3037
-4380
4366
-1945
4653
3639
-4443
-1098
-133
218
2824
856
1609
-4944
2085
-2755
3401
750
56
-1602
4514
-2486
1094
1558
-2070
-3494
-3730
3165
873
1994
-2789
-1602
2156
-1796
-1574
-4328
1535
-137
-3966
2339
-382
3319
751
-3519
1477
-654
-1867
-1128
474
-2335
3838
1405
4174
-1514
514
2127
-3772
880
-4657
3620
4145
-4788
-699
187
4244
1083
2244
-4173
-2880
3097
2018
-4947
4263
2150
-1055
-463
-103
-1155
2010
-3405
-3239
-3577
-217
3473
404
4705
-4113
-4514
-408
3121
3638
-1637
2367
1158
3340
3493
3400
-1473
-348
2587
2819
812
1259
1643
-2099
2167
-1
2661
3758
-3047
-3455
875
986
3617
3561
2466
2969
4469
289
1696
-2474
-606
-2221
-3820
554
4613
-4501
-3910
-2668
4581
4869
910
-1578
-2603
-2867
-613
-1721
-2763
-1416
-3525
927
1841
3118
-619
-3130
-3887
-789
642
1000
377
-660
1147
2671
1862
2876
252
4167
-3556
-1120
1663
-1253
-304
955
3461
-1001
-4543
4947
4768
-733
-976
-4902
-3226
2494
3651
4735
3182
-1428
-3926
3016
-1367
-2643
2194
-1990
-1576
-2713
4973
-1007
3258
-2312
-3968
-2960
4056
621
-4201
2603
-4098
-349
-1754
-297
-91
1102
-368
3680
-4232
-666
4346
-3049
-353
-3666
-3308
2131
3585
-2913
4049
-3394
866
3913
-1616
-4961
-3866
-2822
-3160
-4816
1576
718
4581
3033
1233
-1210
3612
1719
3560
-4148
-2372
2858
693
2346
718
-2844
-3187
4630
-4081
-2352
-3541
2145
2056
-4156
90
1217
-407
1694
435
-3597
-3665
-3301
3160
-889
-876
-4924
-4071