3903
1787
-1300
-1157
2536
-576
-4655
1433
-3507
4845
-2777
4365
-4704
-2448
3954
139
3795
-2525
-953
2128
348
2547
529
2668
1390
-1148
1860
3070
2769
4245
-3110
-1305
-227
-485
-806
3642
3739
3340
2492
-4321
-2908
-2509
-118
-2844
-4740
-201
-506
-201
703
-3352
-4628
-425
-4806
-1094
-2105
4458
3693
4749
-3661
4746
-3869
-65
-2522
-2996
-4336
4748
1162
-2492
4324
244
-475
730
2720
-4521
365
1152
-3986
-2050
4036
4197
-4473
3180
-4945
-2190
-975
-416
76
-4723
-3891
-1910
4450
1841
-2699
46
3198
-484
3328
3143
2450
-2227
958
-2981
-4635
1320
467
3085
-3110
3536
-917
-31
-1541
3008
712
52
-2238
-98
-1235
3223
1140
-1637
-2241
-2554
2507
2580
3752
3964
-3041
-2824
-4778
-1534
-2027
-1188
3419
3575
1939
-1126
-1940
-2526
-1848
4078
-4080
-4579
368
2072
-2622
-1594
-238
-4500
-1063
-3593
2202
-2047
-3380
-3340
-3301
4095
-3816
-4598
-2927
3719
-2832
4247
2553
1272
-3572
-2150
-762
3369
4124
407
-1451
1461
397
-2500
3937
2082
-3936
2708
4261
2846
1572
4460
-55
-1097
-1033
-2970
777
1641
1064
-493
4204
4732
-736
4675
-3496
-1844
1094
2154
-1399
1122
-1578
-4013
-3660
-2191
-296
-2109
1648
4959
2700
1981
569
1653
-3424
-4974
4609
4017
2064
4275
4856
-4769
-394
-1397
1340
459
4339
-1194
-3590
-868
4571
2969
-2410
1527
-914
2518
-3714
2521
1282
2089
4413
-4208
-1374
1525
1752
-917
-1017
567
2478
-2234
3547
-1569
1738
1621
-3566
-1690
4415
3504
-2535
-3259
2290
2492
3816
-3489
3008
699
-4236
-4530
-2867
3179
2819
4363
2844
-3261
2373
-3946
4908
-3651
-1087
4633
2567
3653
-4929
1838
-3105
-1663
-648
132
4060
-657
3075
1298
-3516
-2365
4612
-3415
-2853
-1069
490
681
4803
-4134
-4465
-1556
1031
-2619
2716
-2987
4634
540
-749
3218
-931
4367
-1617
1501
1189
-2058
-3647
3880
2464
-3696
52
-1751
2967
1149
1285
2611
94
4727
4220
4291
4307
-4828
-4577
-2999
3827
-3886
-3366
2057
-14
-128
-3264
-4853
-3268
2351
27
-3532
-1070
-1079
-310
-644
1067
2780
4673
742
-3421
-2003
1148
-4228
-2323
-2362
-500
4004
-1417
-1070
-2696
2936
-1390
-4451
-4302
4526
-4274
-3701
-2156
-3510
4478
-2473
-1710
3713
-1106
1998
3033
-4777
-3423
4238
2244
-4885
-4199
4817
1885
2017
-3700
891
-1788
629
3814
3386
-2274
-1256
467
-2632
-235
4983
3955
706
-100
3490
-2176
-1454
-1131
1507
91
1446
841
-2818
1054
-2638
-99
2496
4904
464
-1302
-3758
3794
2371
-4719
4764
-2980
1033
-1984
-1710
3122
-3929
3316
2320
697
1668
-2869
-270
4007
3620
-3170
-4219
3301
-4250
4611
2902
-4094
-4418
2590
285
-104
-2507
4742
-946
2953
-4483
367
-2516
4060
-874
1980
-609
-2972
-1179
-415
3130
4760
4025
-899
-1705
492
-438
-3287
1098
-4186
1476
-3546
545
2617
4230
-631
-4791
4785
-2443
1884
4157
-2093
-1282
-3233
4078
169
3639
-3244
-4793
-2413
3954
-3749
-2139
3535
-3746
367
-1276
-4313
730
-4773
-4848
-1540
3392
1122
3125
-2686
4016
-4772
2947
4261
-3653
-4969
3407
1278
-469
2543
-3564
-2171
2005
-4161
-1884
-3942
4929
-592
721
4955
3731
397
-4886
-1974
-1540
-3913
2648
1442
-3956
185
1516
-3498
2428
1139
-4269
-4803
4252
1128
2449
810
701
672
-1245
-1516
-4368
1872
4577
1503
-1616
567
3693
4947
-1940
1547
-4176
-923
-3076
4318
997
4377
-2624
-3652
-2355
4887
1845
1765
2233
-4109
1376
2303
396
2739
-3526
3108
-1786
1754
-4794
2926
3053
-2369
4869
-1289
-1201
1812
1495
-4803
-113
-3833
726
1489
4643
-2786
-219
400
2180
-2419
-4799
-2563
4444
-254
-3062
-4804
2645
2592
2958
-397
-3796
1545
-4329
-2050
4334
37
-1415
1164
3275
-3387
-135
-2043
-3179
2347
4648
-4408
1402
-4915
-505
2602
-1704
1920
2363
-531
-3311
57
3022
-3226
-3039
-3205
2174
3389
2658
-318
-3319
4554
4810
-2817
-2023
-3501
1889
-2330
-4677
-3116
-3612
4253
-3378
-2488
-3563
2713
4743
3209
-402
3328
-2062
-3082
2402
-2128
-3338
-828
2497
4778
-2333
-77
-1978
4414
1401
3991
-4171
3384
1444
-886
-2309
-4856
-234
-2517
1265
-1952
3461
4868
2186
1088
-3713
3712
-4797
1903
-4954
-4230
4476
3793
14
-4403
-1494
-2360
3845
-4193
785
4209
1619
-4680
-3668
2929
-4302
1228
-2470
-1376
1686
-1892
4674
-1552
-1768
4010
-3540
869
1147
-843
-3629
2742
-145
-771
-1027
-333
-132
-2063
-379
437
-4325
-1759
923
-4237
3891
3786
3246
-3022
4034
4595
-379
1773
3773
-3569
340
648
-3776
1899
1074
1612
-2700
-3779
2083
697
808
3431
2956
-1318
1014
-2892
-2422
4187
3508
4531
4483
3128
981
-3421
539
3244
-4498
-1120
-41
-4411
3650
2287
2936
-1822
-3199
-462
4448
-639
-2986
1594
670
-1500
-4443
-4022
-1554
-1792
2721
-1912
4099
-2490
3011
-4998
4207
-1231
4647
-4866
3947
-2962
-2819
-1707
477
-98
-2490
-2425
4975
-2729
-1568
4855
910
-2033
4175
1492
-3487
-967
3528
2635
-4734
1238
-3376
-3882
3247
2518
-1154
-618
1428
1923
-3432
3487
3902
-2242
4438
-1414
-1729
2644
-4772
1455
2597
227
-4732
-2821
-2483
-432
2224
1526
-4046
-2149
134
-106
1150
3049
-2200
-2492
-3916
-2148
-2249
2067
-914
-445
-1291
381
-2143
-4914
-3261
3237
-1230
3344
-2189
291
780
360
4079
-2388
-4144
-3041
-2328
488
652
2871
-1507
-3613
-1436
4742
-3733
-2259
4763
4509
2363
1554
3642
3431
-885
3984
-2021
4267
2506
-1173
3958
2428
2061
1289
-2700
3451
4383
2574
-4651
3870
-2353
-3255
-4465
1987
-2746
-3897
2
-2582
-514
-3533
-4039
1398
1682
-2071
-3577
-1581
1074
-2286
-1079
4997
2746
4444
-330
4009
4306
-4598
1859
3504
2922
4714
-4193
-4085
4825
4428
-2194
3548
-1288
2103
1264
2928
4185
-4867
4966
4311
-1357
84
-4799
3420
578
-1402
-1810
-4391
4629
4144
2031
1581
-869
-435
-2585
2427
573
112
-3198
2725
224
2155
-566
2122
-486
2943
1274
4700
-4688
-1873
4888
-3052
-114