1074
-330
-4218
-3459
-893
-4977
2834
-2438
-2548
1801
-1581
4589
-700
1199
-2601
2438
-241
-21
-2070
2659
4845
-3608
2469
4196
-550
-3645
180
-2885
1138
4186
4162
1371
615
-4261
-3873
-2917
-4707
-249
176
3517
-2727
811
-3066
-4457
-604
4124
-4225
-288
-1773
-4028
1832
-3091
3752
3891
-4052
2869
-826
-3731
-3241
-3021
1680
4509
3777
3227
3214
3377
-4079
282
1357
-2854
4483
-1099
2593
-10
2063
1372
1878
-3833
198
-1735
-4230
-1605
694
2050
-4002
2070
3085
4381
-4355
-4150
-1220
3681
3943
3841
-1572
861
4005
26
704
777
-2591
-8
-3742
3312
3326
1312
2861
2876
4066
-1429
-1933
-166
3238
4774
205
-1482
-346
2370
42
4112
4053
-1126
-2862
3836
-4445
-84
1287
-4144
-3516
-4911
3645
-566
-418
1542
-3358
2653
-2503
2476
2768
-4877
-3261
4892
3603
-4710
1383
-1578
4124
-1799
4732
-2953
4885
-4134
1713
1475
2026
-3044
3802
-3470
-2278
1617
4501
3272
2982
3648
-1394
2517
167
2510
4886
-3485
1400
4085
-1202
3426
3333
4183
-3459
-4899
1796
1004
3571
-4721
-4871
2797
4388
-4216
-4528
4444
-723
1020
130
2271
-2878
-1497
-1106
1436
-2103
-3258
130
3407
4367
-759
-4917
3617
1200
-4980
3653
-2229
-1925
2574
1373
2198
1905
524
-186
2464
2067
1981
4027
-2255
4775
564
4127
1151
-765
400
-4891
1868
-32
477
-2835
4666
2755
-4236
-1665
222
-4289
2113
3958
614
1160
-3325
-2312
-3368
670
-2996
-2644
1187
3530
2404
2650
3285
-441
-3890
674
-4935
3992
2954
1775
-266
677
243
2411
1346
601
4121
-117
-4603
-4318
517
4508
1921
-3598
2904
-116
4175
617
3028
3103
-4084
-1145
-1384
3721
-2378
-2214
-3288
-1624
1380
3046
2751
-1795
1910
-472
-2732
-2875
1180
1450
3484
-3491
-4546
-3143
-2835
-4669
-2791
-280
-4707
2846
1267
-3276
925
-4056
4493
-4535
3450
-3991
460
-3072
-3455
2204
1834
2212
-4850
-287
1908
620
-3054
1278
3706
91
-4519
-2374
-4102
3587
-2598
3074
3797
4314
-4551
541
-3763
2165
596
-2647
-4340
-4650
2556
-1321
-223
2431
2173
2325
-2550
1101
4863
-4221
-3157
4557
-1388
-3664
-4989
-3616
-1291
1060
4655
4551
1109
-2124
-2700
2915
-4862
-2174
-2348
-2356
2828
-2982
-934
1387
4836
3720
-2006
-3796
-4371
-3109
-2864
3520
-2252
-1214
64
3151
-3765
3391
708
-3358
-3473
3926
4129
-1443
-2178
1290
3442
-2166
2977
-63
4139
812
2448
-1935
-4100
3992
-2563
-3400
2620
1925
-1613
-1326
-4577
4838
-1539
-2362
-1345
-4253
-686
-565
-2530
3005
-2663
3901
-613
-1533
2604
1790
-723
4605
2755
-2482
-1260
4564
-1250
3458
798
4666
2574
4589
1523
-2381
-351
-655
2557
-2245
-3888
4057
2125
3721
-3141
67
-934
2025
2720
-571
-4887
3148
-3337
2094
2232
2792
915
-1071
2020
-49
2487
1544
1460
1013
-3012
-1839
-1254
-911
1867
-642
-1004
1564
-4904
-1694
-4686
296
2363
2593
2395
-520
2281
-2850
3988
1611
2765
-689
-601
-4728
-726
-3381
-4271
-2470
3625
-4958
-450
-4374
-4985
1233
-3475
3625
158
-2637
-4804
4260
-2111
-2299
4797
4247
-3838
4129
720
-1310
3603
4070
650
-4266
3399
3268
-3086
-534
4741
2418
-2992
-4362
-3540
1194
-1052
-4974
-642
70
755
402
3503
594
4646
-4763
-1167
2573
-2088
2931
4312
2574
-4513
-1862
-1824
2360
-2409
2045
-3341
3201
763
3745
-4589
-5000
-2107
36
-3048
-3581
-2132
-4337
3519
-3984
3630
-1624
-734
4253
4563
-3211
4131
2373
3434
1207
-1088
1372
4055
1597
1835
1153
-2642
1810
4580
2660
-1455
-2462
-3576
3054
-256
-1609
-4422
-2485
-4941
889
169
2197
375
2578
-1564
3545
3046
-1152
2228
-4335
-2461
-1016
-593
-4130
3429
-1547
1798
4831
3088
2531
-1917
912
-811
2052
3019
-2788
-3911
-2941
-3999
-367
-789
4162
-2702
573
-523
623
-3960
2540
-3088
3271
303
-2570
-973
4017
4060
4316
4059
-518
-2104
-2797
-2898
-3884
-1627
1972
-3162
-1800
3773
-2172
-1903
-291
-3143
-2871
-368
-1856
-3862
261
-1782
1911
1503
-296
4529
-113
-3809
-2570
-1712
1505
-3559
-2811
-1767
1965
-3247
4263
4389
3325
-4871
2190
4062
3703
-3126
-3114
-4871
3759
1798
-526
-1779
-3956
-2275
1234
1773
2211
-4903
116
1135
1075
538
931
-583
3418
-1937
909
-1537
124
1518
-77
-1478
-2225
-2284
-960
-4161
355
-3054
4886
807
693
2631
-2715
4409
-4683
-353
-3173
-4380
-2506
-2743
-1634
2473
-3718
-325
-3143
4578
4636
-350
2824
-3797
-3055
-4917
-3143
3458
1308
-4606
4851
-3922
1369
-1682
1717
-3909
3338
-4206
4129
-705
-2728
1064
-3375
-4211
-3944
2073
1356
3602
146
-4178
406
-3685
-1731
-3191
-2910
-1299
3879
-4727
-404
-3145
4869
-2904
-3477
-68
-2787
-1620
1295
-1025
-2197
690
1950
1378
2393
3746
4146
661
-2263
3950
2927
4083
4583
-4289
-4312
-761
790
-1988
-2159
-777
4616
2711
2248
-997
12
-1131
3470
604
4930
4193
653
-583
3131
1644
-1015
-4220
2017
-890
-1219
3043
4529
-1371
2083
2922
-3652
-1534
-1233
2506
-3576
-2282
-3715
256
-790
3243
-3720
-1742
4429
-3804
-4333
-2303
2814
-1379
-4629
1142
-3931
2755
-3425
4593
1248
3769
-1805
-3971
3892
-4001
-2675
-40
-4377
4656
-1698
3451
-299
2281
-2178
-251
4463
1709
-3836
988
887
2111
2758
1936
2132
2397
2447
-2443
3214
-687
4792
118
-745
195
-4855
-4149
-3253
-731
-3513
-4560
1281
-4615
-4901
-2928
-1796
-2726
-1559
-20
2664
4330
3664
4065
-4084
3048
-4060
2547
-4607
-2496
2225
1927
-542
-1410
3948
-3400
-984
3345
-3200
1827
1253
-734
1946
-1693
-4248
3126
1593
-3596
-158
1179
-4284
4104
1078
-1506
-389
4873
4216
211
-172
182
1540
-4343
4677
-21
3338
3944
-4925
4189
-4710
4342
1136
176
-3122
2914
3376
-660
-798
-125
4154
-146
937
-2123
-735
-4163
-1302
370
1795
2599
1098
2701
-240
-4987
604
850
1447
-2615
1366
-2974
-4878
-2344
-4187
-3991
-372
-2064
-108
1354
-2155
1551
-744
2000
-159
4708
2447
1606
2598
2172