482
2548
551
4170
4355
-4385
-1397
4646
4380
-1579
3803
-694
4767
4747
-499
55
-2302
-4104
-4359
3840
4292
1098
1427
-8
-1101
-677
4651
3022
-2626
3146
1612
-2582
2209
4538
-1214
-123
3986
4523
579
-1150
-359
-4828
3492
729
1349
-855
-1706
1270
4201
3630
4236
-4524
-2767
-3409
1423
59
-3277
3607
3818
4917
-2080
3635
-2103
-3335
-1138
-2051
-2472
158
1580
-3971
94
1586
4534
1768
1356
-1892
2526
3465
1170
892
-4429
-4804
4287
-301
3109
1339
1958
652
2829
2911
4362
-1825
-1534
-846
2573
1648
4160
-1109
-4938
-161
1587
4409
3143
3107
971
1309
2421
2860
3091
588
3302
-3505
-1664
4077
-983
-487
-3160
2784
2757
-4809
553
783
-6
-2193
-3758
4701
-409
3530
-43
2591
4554
-797
-1734
-2809
1841
1301
2668
-938
1182
-2203
-3340
4695
2801
-653
173
1113
3388
2543
2293
-1065
-3802
-3839
4051
-2141
4806
4104
-4756
3113
-2056
-4008
4219
-3789
-3333
2962
3876
4826
4854
958
1626
4341
-4275
4010
-891
-1022
-1581
1338
-1138
-3271
-1349
2791
2106
2344
1665
4913
439
1510
-2755
-2030
2812
-4224
252
-3918
-284
-2437
-3053
-3904
4498
3612
3068
1511
-2740
-3947
3961
3132
847
-2146
-3709
-209
84
-1871
966
3157
560
-2164
3064
4341
1340
4068
-1346
4228
-1965
2682
-4379
3744
2333
4311
-4491
-4222
142
3867
-4021
-3019
1029
3931
3741
-496
3829
3645
92
2597
-3999
-1984
4850
-3822
4945
3039
2285
3381
-595
397
4692
566
-4059
-454
4216
4194
-4765
1524
-954
1614
-4429
2246
-2622
4886
3886
4543
-1161
-3461
2238
3933
2886
-4563
1364
-2456
-3
-2071
-4097
-4341
-213
3860
3555
76
-3677
4186
921
-2954
-3159
429
1414
2945
1299
4844
897
-2459
4073
-4760
-2278
-2918
-4159
-3237
4900
3996
-4081
545
168
-613
574
-1534
591
2412
-4096
-1896
-3699
4836
-712
-3028
2855
3270
-558
-70
-3277
-4005
2
3369
2287
75
3727
998
2161
3827
4527
1674
-2460
-1126
-3603
-3004
-1220
-472
674
-4617
-3318
475
1332
716
4177
2197
-3542
4127
-1322
-3559
1397
3669
-4068
-582
-978
4706
1641
-3462
-2061
-4865
-3739
-1644
1884
3370
4496
-2448
896
-4008
3934
576
-3809
994
-527
776
4960
690
-3055
2744
3529
-2843
-199
-3238
499
-4195
766
-1349
-575
2260
119
4243
-4780
1570
-1738
4596
247
-163
-4773
610
929
-2300
1260
-2375
-1037
-4354
2888
-4513
3139
1615
-2698
3845
-4969
-3710
-2506
-1296
4010
-90
4575
-4067
4162
2448
-1968
-89
-1717
-1058
3063
3664
-988
2495
4040
-2465
-2342
-4979
-3510
3361
-755
-2132
3912
4405
-2658
-684
-4431
-789
-4318
-735
687
4823
-22
1214
4541
3219
-4946
1613
2867
3326
-791
2318
-4541
-4897
-4395
-1611
-3661
-4270
-3144
2489
1641
-2660
-1623
-2097
-2459
3859
-2322
220
2754
-2518
-2592
-4946
-4412
2869
3663
-3258
-693
1029
-3103
554
-3269
4696
1525
1074
-4940
3322
-4657
-2259
-3875
4674
1481
1262
2558
-1862
-2040
396
4890
1471
-3552
4730
2088
2581
4915
-1747
4333
-3436
-92
4315
-4
1901
-3918
-3254
4882
-3388
-768
285
-1324
143
3191
-2777
615
-4406
-1504
1436
4495
1470
3810
2223
-2864
-176
1355
1915
2187
1730
-1123
845
-139
4239
2385
1040
-3392
2398
-1874
4847
-3052
4175
2577
-4680
-378
-2956
-1762
4408
2438
-4196
1524
562
3391
-1752
-161
3489
-2856
-4824
1076
-1117
-2950
3208
4871
1768
3010
4387
-904
4883
2818
-1183
-2345
-1254
3727
1653
-4431
-3616
2050
4825
3467
3810
-2762
-4171
-920
-2228
1804
818
-1947
590
-3004
-1864
-2791
3857
-2173
4447
2612
1389
-3600
3970
-1886
-1319
54
1523
-3888
-2573
-3736
3419
-2695
-3204
-973
441
632
1230
-2222
-298
-3282
2280
1557
2439
1775
2982
4075
-4423
1304
4822
-78
3070
3801
-1430
36
1618
-3024
-4602
-4426
666
3674
-4799
434
4254
3010
-906
2584
-2185
-4948
1933
-2488
324
-1962
1649
-4296
4933
-1461
1435
4874
-3
-2877
98
-4954
4617
659
-3252
-4862
4628
1545
-64
4493
-458
-2245
3208
-4919
1935
3306
-3805
4383
2419
464
4218
-3629
1377
1878
-3361
-3005
3853
-1993
-2464
4466
-3809
-4209
546
-3480
3614
3861
-4201
-213
-1055
2948
3033
-4472
3798
-1689
4820
-3183
668
-3217
-1654
-3661
-2671
-3220
-1175
4780
1196
-164
-1945
-2417
-780
-3972
68
-4519
3205
-301
-4287
-3704
901
4468
-2306
3500
164
-4578
3461
2912
2806
-3697
3746
-2862
577
-1725
2180
-3610
-215
-3494
1360
3191
332
1206
4278
194
-1019
-2521
3215
1832
510
4677
1091
-3680
-3965
4866
-2655
2265
4301
-226
-4426
-3617
-2095
-3212
-3670
1363
-2280
908
-2192
-1769
1675
-4780
-4100
925
-2456
-1482
-2388
1715
-3577
-929
-1094
1360
-371
-3397
-724
2186
-2937
-829
-2379
4666
1158
-3489
3748
1462
-1585
-3297
541
595
-1553
540
4168
-2656
-1115
3085
-2953
2046
-3125
4959
1069
-2647
-4418
-4920
-3458
-1673
2379
-122
-2659
4435
-4077
1526
122
3656
-716
1184
3933
-2084
2884
-112
-581
237
-4938
3711
-4339
3553
946
-466
-1244
-2291
-4404
-2109
2472
-2663
-4398
-1244
-4128
3443
-4310
-3842
-219
3770
3266
2714
-4024
-809
-3667
-2437
22
3995
-4973
-2894
-1185
-4077
-4493
-4226
-3522
-1300
1777
419
797
-3261
1509
-2789
-570
2041
545
71
-4280
499
-3876
2388
1176
-2931
-4231
-4651
3173
2600
420
-1557
4340
-409
2259
2907
-1475
-3684
4186
-3517
-8
107
3163
3557
1137
-211
-4484
2018
-4326
4782
2835
-3429
1024
4378
-708
-4892
4179
-3831
-1108
2627
647
3690
-2688
4265
2047
274
4993
-3093
-483
3498
524
-282
-905
1515
-2008
3087
-2920
-1426
-4195
-4631
607
3118
1258
-4322
-2647
-4800
-349
748
1213
1966
-1170
-2305
-2773
2590
-4194
-3500
3061
-1759
-94
-1586
-2770
-24
-531
-3849
-2568
-1798
-4141
-3219
-2760
3197
533
2950
-4294
-948
2788
3710
1770
4828
3914
1797
1141
30
-2102
1936
1896
3246
2406
-932
-1063
-1023
462
2608
-1941
-2766
-4307
2776
728