-438
4607
-325
-793
927
-2286
3605
1066
3781
-996
-788
-3550
270
447
2571
-2574
905
3344
4392
4913
2502
1710
-494
2976
-2558
3038
2806
-2255
-2811
-88
-4071
605
1736
3471
-974
-4030
3948
4604
-385
-1371
-3884
-4802
-3996
-1853
-4644
-2951
626
3862
437
2728
2205
1608
-292
3723
417
2809
2268
-1594
2811
-92
-1863
-2322
4985
3416
-2661
-4946
-89
-3578
3656
-187
-7
-632
-4704
329
1570
2725
1561
-2564
316
1889
1816
489
1348
-3771
2560
2205
4949
-2537
-763
-4180
-3559
2262
-3893
4106
298
-3660
4776
3812
-575
-887
-1931
608
4033
1659
550
1979
2278
2493
674
-3361
2491
1514
-4108
-4050
4667
2729
-2326
-3091
-1253
2784
2947
257
-2980
-2641
-2640
2218
-1229
4651
999
-3226
-1943
410
184
1431
-4125
4166
-2974
1074
-19
-3131
1483
-2064
928
-1296
-3241
-961
446
266
4977
-2942
-1070
-3581
-150
3229
-125
4166
1939
2050
-3410
-865
-2334
4026
2686
-2438
-587
-3680
4294
3802
-4988
-3571
4885
298
-2199
-3111
-3342
159
1862
-106
-1452
248
633
-98
1556
-2849
-4410
3314
-2437
-3593
-4993
-2632
-3652
-4485
287
-2584
-1407
4586
-1753
2130
4114
4389
-1642
3146
-4716
3543
3626
-4864
-4117
955
4314
1382
-141
2602
-2369
-3434
-4877
-2178
3890
3242
2239
-90
2454
4307
-2655
-3731
-3574
-1157
-3168
-186
-1889
2394
-256
-1487
-2781
1961
-4502
4908
-4170
3545
-3885
3264
-3077
4180
3869
3621
-478
2354
-4495
805
-3870
-636
2974
-199
-2587
715
-1060
4272
4993
3094
2468
-4958
-4000
-4496
4557
3777
-4332
3733
2003
-2717
4460
1686
4920
1822
-659
-375
3901
-4915
-1185
4619
-2531
-976
1586
-3862
-1823
3999
3838
3551
-2255
-1684
783
-3066
1590
2862
4619
3451
-1689
-796
89
-586
-4378
612
3754
3611
848
-4004
1293
-3051
-1163
678
4824
-349
701
-3191
-76
1122
3760
3587
1258
309
-1580
3118
-780
3108
4617
67
4766
-1499
-2242
-2636
4178
3578
-3244
-156
1812
2010
1483
4512
2061
2049
1807
-3620
4554
-793
4048
269
-2019
257
2883
714
3370
-4503
1306
490
-942
-3006
734
-4368
1789
4198
-2827
-3020
4165
-4633
4151
4362
3914
2795
3593
1912
4631
4870
1878
-1058
2774
2589
150
4566
-3070
2340
-2558
-209
2257
-4562
3864
1730
4608
575
3134
-270
-3947
-1252
4141
-3209
1728
1430
3285
-3169
3879
3503
236
3908
3206
-2183
-1810
-4879
3117
4451
-920
815
3562
3331
-2146
1503
4334
3524
1312
282
-2205
-2873
3877
-571
-3278
2588
1975
-1948
1830
2567
372
-32
-1258
-2185
1043
-1219
2752
-3639
-4219
-3289
-795
1200
2331
-4318
-3636
-3407
3713
-1568
-2366
2904
-2463
4991
-73
-1167
-2277
4748
219
4525
4838
-3716
-2607
3759
973
2109
321
-2472
-888
-999
-3169
1884
548
-3980
2149
-1653
-2766
2670
-4924
3462
1252
-2940
-2484
-2123
-1461
-138
-1543
-3419
-4494
149
-1510
-4234
4550
3257
-1634
3724
2
4895
-3419
2290
1583
3134
3457
3008
2008
-3837
-12
1443
3761
2200
887
11
743
-2453
-3093
-903
1978
-471
4551
-545
894
-18
4019
-3652
3183
-1963
-2792
4557
-119
4377
-186
-702
2561
-1524
1072
529
2983
-3418
-2105
4136
238
3255
-1979
-1035
4254
-3666
-4960
-964
-2419
1115
-4451
-4623
1962
3000
715
-4907
3888
4023
-1937
3307
-18
-4191
82
2325
2568
594
3114
-1912
-3156
1802
-2018
467
-488
-737
2704
-4563
-1446
-685
-703
-364
2634
2727
-2592
2173
-2181
2477
4609
-4018
-1837
3533
4998
3584
-4893
-4746
2823
691
-3937
-1417
-4420
3052
-2426
-3704
-4770
-3848
2170
4863
3180
-3620
2760
-3878
-4844
2425
-575
722
-4790
-3995
4246
-2622
-2303
3165
-4916
-2003
-2562
-92
3959
-1075
-3368
-2303
2506
4431
-3387
1677
-2881
1338
-4251
-3204
2017
930
-3887
-1345
3552
-1457
3600
-4919
-94
-4020
-1792
-1485
-3972
2000
-4307
-1084
-443
4428
-4813
-1689
2719
981
-541
4157
4711
922
-1397
-3713
-1959
-1012
4635
1299
-2021
-1057
1732
4514
875
-147
-3810
49
-476
-2373
2806
-4936
666
3938
-3930
-1521
-65
948
1909
-1807
4340
-1335
-2393
-4259
-35
2463
-1901
-2332
-4629
-1007
-466
-4632
-2206
3168
-1604
-2940
-4549
3879
-3807
4168
-2220
824
118
-3192
3998
-674
-4677
-4935
85
-2388
111
1048
-620
43
3171
-4049
4097
-471
-3829
-2416
-1838
-54
3265
2065
1095
2542
-2485
-2124
-1160
-1596
161
-997
-989
-1912
-1100
3051
1583
4233
4771
-2042
1408
-2807
-4787
1654
-913
368
-3391
1333
717
4290
3055
-4283
636
-3871
-167
1234
-906
-189
-898
-1649
4231
3384
-3365
-331
-4499
-2706
2912
2120
-1916
-52
3399
3456
2474
1581
1328
-4508
-332
3009
-1250
2396
4895
1073
2717
-2348
69
858
-2622
1781
1719
228
-1403
4890
-907
-2515
-88
3447
-4761
-4512
1852
2357
-4248
-713
4827
84
3211
2904
1162
-4106
3040
4040
2600
-1121
3404
164
1934
3910
-1649
-3702
-1627
4164
-2197
914
-3451
2645
3615
4984
19
1278
3804
333
2763
3670
-4168
1110
-4555
-1572
-2267
1240
75
-3306
4232
-307
-294
961
-4499
2132
-151
-4612
-4712
-4969
4879
2647
-3682
3199
2629
-4358
-1011
-1747
4693
-3615
-3342
956
147
933
3423
-1833
255
441
-425
-3937
-2901
-645
-1722
3209
4626
493
-4409
1833
1915
169
-4714
823
-2055
-4275
-709
4101
-1302
862
1956
-2995
-4489
4316
2202
1218
3766
1959
4527
-732
-532
-2715
-2835
757
305
4125
4346
-1005
391
3435
4179
4019
-3188
1504
-2774
3021
-1067
2929
369
-4968
1147
1104
4131
-3603
3123
-245
2869
-2410
1274
2907
152
4605
-2191
4570
-1752
-3633
-3409
-3627
2557
2161
-3701
4121
4594
-3036
4783
3097
1050
311
4096
1237
-689
-147
1615
4090
-4566
-1548
3038
3838
4604
1141
4426
3948
961
-1285
4672
1566
-1447
-3860
2382
-2329
-4668
-1500
3777
2612
237
1573
-3241
-593
-1091
-4728
-4288
-841
1544
1352
2164
-4680
-1617
-3738
-3581
-4073
-847
-262
175
923
-241
3917
1186
-1480
-2614
3762