-1645
-4469
466
-2969
4783
2188
-3278
4887
3301
-3450
925
-4713
1514
-2389
-555
4057
-542
-3575
-271
2591
4668
1534
1833
4340
479
-3517
2768
2757
4147
4392
-1889
-3178
771
-1067
-2967
584
2778
-29
4866
4172
3228
-3306
-863
2324
-1730
3729
3221
-4700
-423
1922
-3868
-307
-2722
-4015
3339
163
-3463
-4495
1586
-2897
-1402
1220
3697
-1671
3393
-2788
-3919
-3299
-3484
-3491
-1744
4858
-2268
1911
1965
-2064
4959
1925
2496
-3053
412
-1262
3702
-3834
-3591
3027
3993
2919
-802
-3203
-758
4385
3387
-2594
3368
-2177
-1381
-2883
335
-2492
1462
2239
1027
4243
2111
2708
4137
-3949
2841
1584
4338
3786
-2785
-2396
340
4412
-3508
1218
-3173
-3364
612
-765
2745
-726
4189
3256
3970
-4712
955
-1421
62
3931
-3991
265
-2269
561
502
1305
4314
1569
-4211
-4091
1005
-880
-4263
2287
-4057
-4171
1452
1015
-2943
-3844
-2932
-2939
-1853
2168
-4874
-3884
-3264
3094
2702
-265
-4218
-379
-3712
-1629
-434
1331
-1142
3738
4712
4528
91
-4129
4685
2007
1717
3432
2564
3514
-2725
-4830
-3997
-3368
474
4598
3549
501
-1478
1050
-2478
445
-2578
3423
2134
-3779
-130
-999
-4978
275
1889
-3470
3686
-3268
-1105
3429
1766
-2905
190
825
4174
-2135
-4338
1997
126
-4816
-2933
-3475
-1805
-4799
-4178
70
3663
3665
4265
-4186
-1466
-2506
2343
1805
-1585
-2678
4312
-89
4782
1373
-4300
3296
-3823
-977
-4976
-3315
2732
563
4965
698
-3827
2610
1143
980
-2638
471
72
4737
-637
1953
80
4452
-1378
-4794
-4066
1300
2980
-4893
-3853
3361
-3900
3065
-649
-4841
-313
1288
662
-1233
-431
-4947
-3878
2749
2838
-4106
2963
-2016
1688
-4981
3730
3841
-3318
-4864
-1276
3210
-4766
-3278
1750
3405
-2934
3327
-1930
-2423
2657
-3661
1188
2057
492
-2551
1313
2788
-2412
1165
2656
2061
-549
1191
4786
1722
4158
-214
-2003
-4631
4331
3157
2450
-2726
24
-741
2355
2912
3926
4929
2636
-4309
-1882
3809
-4821
-898
-4886
2935
-1593
-1143
-3152
-1909
-1297
-271
982
-980
-3736
-4350
1352
3756
2921
-2038
964
2358
1945
-3460
-1360
-982
851
-322
-284
515
4666
-2261
-4210
1311
314
-713
-4852
4236
-2427
688
3386
-2282
-3353
-4593
1976
1532
-4150
4745
-1218
2431
459
-874
771
-222
-1041
159
-264
3250
-4292
-3854
-111
-2707
4606
-1587
-2866
3041
-2760
-2200
-1111
3470
-2062
707
-214
2176
-4449
-2317
-4060
1617
1777
2732
-4087
-240
321
1629
-1979
3428
-4945
227
122
-676
-601
2579
-3810
2787
4534
2840
-4893
282
-2448
1315
-1627
-3652
-4173
-3989
-2279
1914
828
-4494
4592
1129
3189
-2290
-1749
2447
-1748
3760
1026
-2210
4457
-2069
-2078
4484
4187
-2694
-4107
538
-4708
3632
-783
-3057
-3031
1791
1448
791
-2086
-1292
-1040
-2250
-4531
1497
-4109
3867
-731
-4553
-2999
-1185
-1367
1503
-1415
-2169
259
4
-634
-967
3405
3043
-2569
1819
48
2475
-1679
2493
4834
-4420
-1026
-868
1746
-4184
3740
354
4986
3332
-2398
2382
-3080
-3069
-2269
4313
-3422
2322
4509
-1376
-1954
-2183
2317
-1145
-2114
-1640
1411
-220
-2171
-4264
-2471
452
668
-1261
-1312
1131
-1113
701
-1558
801
-2438
171
4696
232
3231
-4404
-2480
3216
4337
1857
-794
-4014
-3428
-4319
-1222
1762
-3474
3273
-1177
854
-1480
-4324
1160
3382
-3474
3414
3593
-607
-1247
-1743
4366
4832
1068
-3817
-4948
512
477
-2448
2413
3175
437
-4337
-4429
3603
1715
-1177
1016
1259
1528
-3071
-2741
-3919
-1309
-315
2568
-1577
-3304
2113
-3818
1694
3892
-2485
-1004
3911
-1100
1828
1420
1886
-2917
207
4261
-3140
-3617
4904
-3713
-567
-3834
-3445
-3581
-4616
-228
-3967
-1981
3929
476
1318
-1892
-4185
-4286
1123
4961
-3340
3933
-4382
-1346
3111
-1421
-1650
851
854
3049
-1455
-2898
4610
-1148
1168
-3920
-2292
-2717
-4096
-979
-3389
-2569
-926
2321
193
-3297
-4668
3374
2782
1736
3322
-868
-2301
-4373
-2600
-1349
1939
2463
-1041
-1438
-3415
3942
-4257
2834
3947
-1951
2665
-2770
3892
-4392
4862
2508
-4127
3198
-3763
3963
-249
3752
3682
-312
4026
3613
-2112
4563
1246
2371
3498
2594
-1497
1251
-3854
-3782
-3057
-1199
97
-3326
1770
-931
-2206
-2370
887
1461
4022
3665
3840
-2821
-2757
-2598
496
813
-2289
-1818
2042
3933
4353
1971
-657
910
1242
1932
2912
4835
3554
-681
-2459
480
2273
-1816
2217
-4379
4874
-1720
-728
-1972
1311
592
410
4456
3988
640
2607
4446
-332
4782
-1756
2627
-2526
1889
498
3760
4198
-3296
4838
1605
1311
-3604
133
2857
-3809
4242
-2982
-3647
-2467
2142
-1496
4360
-2433
1208
782
1383
-452
4615
751
4144
4113
-3953
144
-1206
1626
4771
-1642
-2834
79
-1323
3573
-1381
4893
-3298
1095
4063
1217
4982
1665
942
-3891
-913
1191
-4594
-181
-3221
-1136
4508
722
-4570
2294
2279
4329
2732
-3527
-4112
-4992
-2712
1448
-4318
1683
-4101
-1184
-4443
-4151
4792
2685
413
-4517
-4858
2174
-4587
-748
-3356
-3536
-2418
-2760
2782
431
4739
3036
-4905
-992
-4609
-3578
3375
-4082
4106
4101
-3566
-4549
491
602
2629
-146
2361
-3393
-1777
-3047
484
146
3858
-90
-1541
4366
894
-730
4937
4875
1400
2129
3223
-562
-3140
2142
4757
-3153
-4888
2153
1559
-1543
1721
-4263
-3870
2201
4483
749
-4974
3115
794
4042
-166
-1066
4999
2559
-1467
605
2218
-2211
4117
3184
-4236
1508
-3081
399
-4816
4543
-1561
-835
680
3360
3182
-2110
3029
3354
389
-3536
2504
-4439
-294
-4543
3282
4123
4952
-643
3154
-820
-4912
564
-2069
-1966
-1686
3070
-1517
-4877
1623
-128
6
1804
4126
-3123
-1169
3549
-384
3893
-1099
-2037
2873
1394
3808
-1732
-709
-529
4682
-3200
149
209
-3874
4804
831
-4573
-2028
4764
1341
613
-1164
211
1137
4940
-3873
-1167
854
-1277
2308
-1238
-92
4952
-1878
4854
-635
2880
1453
-2065
-2749
1827
3907
-1425
1001
4251
-283
1308
-4806
1120
4238
-4809
-2430
3830
287
3034
4673
4436
-592
3338