1262
1299
-408
2374
-4832
870
1505
-513
1848
-945
2837
-2226
1063
-4720
1480
-4935
707
2429
4351
-2585
-3941
2544
1557
1875
-806
-3536
-1595
962
3949
-1421
2597
-3900
-2472
-1391
470
-4630
637
4648
2878
-3957
-754
-4760
-2906
1090
-754
-2209
-3038
-2988
-2579
-3253
-2622
3694
791
2823
-3716
3636
-2225
3239
2764
-4083
-747
-2919
489
1816
-517
-4724
3054
812
2907
4438
-243
337
-2711
-921
-146
-1219
-4571
-4865
-2739
4225
2564
3496
-774
2719
-3728
897
-4830
2753
1439
4581
1115
-2370
-4511
-1766
4905
-2480
-2831
260
4362
-117
1187
1584
4463
-2485
-1451
2216
-1207
-3214
-3393
-161
3983
4627
3202
-4567
-2525
-1970
-2403
2290
4906
2752
-3214
3741
-3834
1226
1944
3850
-1680
3828
-1218
4933
-4569
1898
4175
-69
-69
-4459
-2776
-1349
1547
2
-4209
2843
456
2534
453
3389
-3282
-768
2745
-2602
4423
-801
4704
4577
1474
-4509
-1653
804
-3175
-2433
-3472
3735
-1074
3741
-4920
1586
-1057
-4178
-3691
2626
-3016
1764
474
2397
-4809
4618
2281
-2917
-2356
-2806
-306
-4789
-927
-4790
1258
-2941
-2826
1644
-223
901
-1807
-628
-2319
3303
-4574
2366
-2649
-3997
2109
-441
-4775
3470
1855
912
-3168
1922
-4047
-2860
-1578
-3096
2798
1181
3765
-2868
3634
-3495
-473
-2896
-2519
713
2902
-2678
2551
-986
-4668
-311
2043
-1387
3957
-2151
4349
1650
3414
-1164
1467
1661
2956
-430
-170
-3336
1912
-573
-2070
-2001
1578
-1166
327
-4524
-1788
-736
-728
3389
-2733
-1657
3098
3274
2744
1878
458
-3710
-484
-147
3970
-4056
-771
1749
1838
-531
-2947
4402
4609
-625
-3938
4040
-4018
-170
-2222
-1844
1668
4371
-2932
1495
-1295
2861
-4167
-4789
2226
-2350
-494
-3583
3200
-2755
325
3327
-4660
-3336
1163
-1305
1996
3066
4491
1156
-3562
-3220
-3552
161
-252
678
-651
-2070
-1563
-257
678
-1819
4043
4811
-2238
2707
4404
-293
-383
1121
-882
-1419
-2621
-2945
1162
1379
4784
-4880
-585
-2454
-1169
1192
1332
-1339
2912
776
-1371
-409
-36
3011
3771
3374
-1566
-4525
3465
-2138
2738
4644
-2446
-2552
-4051
-3673
1410
-4431
1565
-3107
1090
-3586
-2738
-651
2567
-11
1287
-1907
2208
517
-1175
1067
154
1486
4805
-4760
-2138
-2304
1333
-1286
-3046
1227
-673
-4661
3699
4490
1445
-2649
2409
-1792
-52
3165
-1257
4729
900
1321
1068
-1867
-4840
69
4046
2351
773
-151
1710
-1711
-183
2987
1277
1616
2973
228
-2951
-4004
2396
1276
-4878
-2990
-4170
125
4244
896
-1259
-559
1499
-4786
-3997
243
-3572
-4704
-3161
1480
175
2189
-2024
-708
-517
-2776
2037
-906
3924
3111
160
2629
-2781
4552
-4338
246
-3378
-4168
1407
2675
3449
-4578
-634
2479
-4565
-2151
2778
-2743
-4138
1273
-1822
-3195
2732
-4951
2893
-3313
1010
-4932
3948
-3133
-88
-786
3256
3668
2139
3353
-2349
-4127
2467
1339
-2932
818
-560
-823
-1256
3403
-2055
4500
1953
1174
3884
-3303
-9
-1750
-650
-4401
635
3817
-4406
-322
-4595
-3089
-1469
-4865
3020
2804
-646
3743
-137
-3065
3510
-2775
-2292
1579
-426
4098
3874
2999
2186
-259
-1641
-3573
-4577
765
2771
-4847
-2072
-2596
-1905
214
3765
-4258
-135
1977
2782
-3773
-1873
2690
-4336
-2032
2109
-2882
-4627
1568
2495
1565
3351
-3259
-2671
615
1561
-2661
-4714
-3434
1563
1256
1571
2211
-1928
-2914
-4606
2052
-3792
-1570
-2704
-2863
1339
2574
-3663
1415
-1809
-4764
-1790
-2229
802
869
2188
2016
3355
-3115
-1761
1978
1780
-3575
366
2986
2292
1538
4697
797
-3578
-1285
-1818
2544
459
1341
-2037
4925
-2733
-606
-4190
2836
896
-1464
-3232
-4759
1686
-3425
1653
-977
-703
3597
-3328
-1495
-4516
-2119
-980
2510
-1295
1031
3808
-3951
-794
3457
4450
2012
-4039
-2448
2985
-373
-1380
-532
-1809
-3166
-2722
-2063
3157
-406
4887
-2014
-2234
-2055
-1059
-1875
-3621
3224
-1841
-1507
4458
4051
-3020
3300
2346
-1914
-3909
-2291
3607
-8
3991
-1916
4935
205
3003
-657
-1125
4144
4406
2820
-1489
-3360
491
2840
-2654
2219
3007
-1008
2319
-1318
-4666
533
-3542
2657
-1661
-569
-1938
-2592
148
-3531
1557
2322
1151
-2403
2017
-991
-873
-97
-712
-1587
2586
1127
4051
-1390
-2321
3623
4231
-2579
2155
4504
1265
1735
-2090
-419
-3286
-1467
2981
2187
-4685
3282
-29
2354
2621
926
-132
-748
4203
-4862
2774
-1963
-3623
-2770
2455
3034
-357
-728
64
4322
2287
3793
-4675
-4083
-2764
-4571
1070
3092
1059
-1824
-3601
-1389
-1572
179
-2222
3841
4033
-588
438
-1875
4477
-1211
-1904
793
-4125
239
3115
-3300
-1691
-3746
-4007
2085
2927
2878
-2722
-3335
-4372
-1422
-170
-4967
4197
-48
489
-3773
-3031
1789
-678
4830
277
-3312
4167
3616
1718
908
154
4290
2484
-830
-548
-2651
2598
1845
-1722
-3224
1870
-4449
2825
3580
2788
-3651
-3545
-858
-662
2353
-481
-4168
2552
-1569
-2269
-2423
3793
-3345
1831
576
2190
-4836
-3217
3577
2863
3690
-4345
384
1988
-2613
-1899
-2064
4278
-4587
-2468
1471
2121
4473
-4233
-2974
2754
-3819
4106
736
-981
3747
1957
7
-483
-3589
1012
1421
2660
4172
-4187
3744
-1
-2724
-4126
-2939
-833
-2124
-1320
-3208
3057
-1465
4385
-1259
-2134
-1764
1543
-1685
-2047
1404
1938
2872
-1916
3107
-725
510
-560
-2466
2844
4385
4774
-2792
-4483
2522
4857
-1302
1185
-558
-4884
4490
-4792
-2704
-4501
4967
912
-2028
-3727
2936
-2558
3587
2460
3840
-3814
-2952
-1608
3777
-1901
-2591
-4499
1990
-1915
-1226
817
-1873
-4447
-1379
-162
-130
4977
3049
3235
3297
-2590
884
1741
3650
-3330
-4861
-2904
-2199
-1973
1284
-1873
-231
2797
-420
325
-1215
4548
3632
2948
2670
3711
-1486
-2381
-2415
-3386
2684
-3625
-4569
3593
4703
-4905
-423
3228
3957
2707
-3127
-2976
2103
2780
4420
421
3845
854
-2131
-1154
-344
-4822
-407
-370
-1618
-3455
-3889
1226
-2567
3678
566
-790
-1495
3390
3991
2971
-4409
-832
-1804
3339
1922
3359
-4077
-4892
3230
1405
-299
-1440
-1055