-4710
-3279
1156
-2061
-1308
1403
-1965
-1174
-849
-3420
3013
-638
-1996
2869
666
3241
-3256
-343
616
-1000
-3658
1116
3483
-3605
4596
772
330
2954
435
-906
4539
-2534
-4682
-3492
-4701
179
-3813
775
-2880
-1661
-1455
-455
2725
1887
-2839
2805
-248
-2148
-2286
-3965
-197
-4521
-2871
4770
4709
3672
-2451
4378
1608
3205
-4189
-2707
-4219
-2622
3112
369
-211
1599
-3510
-3918
-4099
-1656
-3696
29
-1322
-4145
-2144
4596
-1369
1567
-1643
796
1796
-4942
1808
2181
1331
-1352
1290
3905
400
-4282
-1361
1054
-2207
-4069
-543
3217
3579
329
1613
-3900
-466
-4220
-1274
1971
-824
1100
4163
-3333
-389
3097
-4827
101
2405
-2425
-4927
3442
-2243
-1844
4257
-2894
4901
-3930
-2104
3606
-169
2818
2078
-3490
3030
4236
-4289
4104
-2929
3830
3415
-3797
3596
764
4086
-4917
4141
1652
-2902
3779
-376
2234
1825
4886
-2020
-4698
-4353
3357
4018
-1524
-206
-2703
4810
4044
-2539
4665
-2859
2502
-2665
-4947
-453
3159
4195
153
4937
-4156
4978
-4297
3751
-1358
-3890
-1348
522
-4465
-3436
3416
-2926
-4824
1435
-3218
3533
-3028
3216
1182
590
2662
-2920
-4730
-2903
-4161
1990
4882
-4857
-604
-161
-3613
-4562
1250
-2596
-4678
-808
1576
952
-592
4445
-1016
619
-2861
614
-2481
-1731
-643
4219
-4546
3449
-2870
383
-2780
-2919
1271
-1501
-10
1048
-3153
-1886
-4789
-4465
-338
-2317
-4758
-4672
733
-901
-1128
-1657
1340
-1087
-2718
-3472
-730
-893
-1013
1858
-2832
-42
-4153
-802
3828
-1095
3955
3284
-1762
383
614
1243
-3294
-3576
-4375
1760
-4361
1105
2180
1216
3304
-955
4298
805
3268
411
-4094
1112
673
4932
2428
3773
36
1230
2254
1019
-2797
2020
-4465
3249
-758
4646
-1682
-4922
4998
4864
3362
-2081
3588
714
1137
1429
-3223
-4494
232
956
65
3686
-3639
-2654
-3395
3047
2114
3611
-1168
407
292
-4070
-3720
-2757
1821
-2217
3446
-2958
-3263
87
4077
4609
-3226
-2640
907
-3987
-4376
1701
3305
3785
-1980
3011
-516
-723
-1117
3484
-4410
-1009
-1998
-418
-4325
-1394
-424
3285
-2127
-4739
3917
-4460
3653
1453
3003
-3619
1671
-2235
-3602
2021
-3079
1886
-4942
2758
3239
4762
3960
-2440
1009
-4881
690
-1575
-117
-2847
4035
2872
1841
-621
3151
990
4286
-3125
168
3403
3069
4973
690
-4654
-3540
-4614
-3434
-4432
-4994
-2978
-3174
-2660
-4510
1314
3412
2967
-3007
203
2458
-4632
-3251
-3303
-4743
-1597
1607
692
-576
-1290
-3596
2947
-2422
-3887
2706
-2462
2765
-2253
-2552
-4640
3328
2080
-4267
-102
1494
3689
3278
140
3560
3250
840
314
-624
-1421
4186
-4462
-2960
3405
-4347
4683
3358
-588
660
-1349
-4481
2963
-2416
691
-512
1629
4950
1263
-3779
-1681
-2510
1776
222
-3303
2266
289
-2430
-3468
-4627
1119
1855
-1435
4275
-2801
967
2173
-4102
935
3389
-964
785
-351
-1031
-871
-860
-762
4743
1732
2216
-4426
3400
-416
4955
4378
-2571
1822
1819
-842
3129
-3390
-4931
-4157
1040
91
2183
747
-4316
-67
4371
4784
2045
-3862
-4708
-4518
-1849
-3772
-2194
-4120
-4859
-477
-3018
4800
1396
686
2835
-3511
-3440
-3342
-4088
4094
227
-1372
-3732
465
2028
1289
-2816
1804
3023
-1098
-437
-4949
-573
1058
1508
2628
4354
-1499
1593
-4268
-283
-3985
1156
3465
3382
-2182
2169
2920
-2701
-4876
3388
-1220
566
1795
-2896
-4921
4031
2859
3470
641
-1036
-1388
-2262
1913
-3242
2438
-159
293
-4177
4129
151
-53
-502
-2108
-17
3509
802
-4137
1025
429
-3370
4317
-1937
-4099
2709
605
-4399
-1695
2553
-4718
-1982
3923
533
3700
1308
4722
228
1453
-2432
-4488
-2878
-2717
-2893
-3772
2862
1884
-4069
-363
4789
-4118
299
-1727
-4456
3008
2090
-3859
4455
4090
1952
2053
610
-4668
4554
3486
2662
-3127
-328
836
1741
-2756
-2140
-1008
2251
3732
1369
3093
2916
-3841
-3417
2188
2997
-2058
-4853
4153
4912
2281
-1394
2920
-2976
-1557
746
1233
1610
-2872
-2750
-3779
-4939
601
-4362
-2948
-2520
454
4874
-2419
3086
3024
-3819
1905
4200
4012
-2648
4973
-521
1742
2798
-2540
4750
-667
-1120
-1440
-4108
128
-2233
175
-892
-592
-1
-3037
-858
-4262
3973
-3648
1402
-3999
1788
-2950
127
-4924
-234
-4512
4425
-2851
-112
3144
-3163
-4420
3919
3745
-2935
501
-3499
3706
-3253
-1682
852
4514
2633
3902
4504
-282
1502
-4308
4198
3979
-3006
2683
1027
-3710
-548
3218
187
2897
-2510
4345
-745
-118
4494
-4646
594
-4773
2980
-917
-2579
-2776
-2087
-4951
-3517
1568
-4461
933
4604
-4322
1883
3573
643
1382
-1817
-387
2800
4937
-2156
1004
425
3518
-1610
-4625
-557
4267
3753
2840
-3555
-3667
-1631
-4903
-3491
-2434
-4710
632
2026
-1392
1899
513
-2640
878
2885
951
2606
-3172
4382
1105
967
1766
-1503
-1327
-98
-2488
-42
4767
3065
3406
4471
-673
3248
2462
-3656
-2617
-2272
-2640
-4415
-3113
3028
3683
2584
2726
3862
-4872
1661
-3632
1769
3286
2804
-2407
-2648
-1185
2869
3595
-2031
-1504
4321
1757
-2366
3812
-3177
2047
-3990
4352
-2097
-1788
441
-2988
3769
-379
1916
-2051
-282
672
-4577
1044
2499
-4933
959
-1607
2160
3286
-4274
-3751
4520
3094
-1052
769
-1980
-4192
2236
-658
-3534
-4308
2329
3496
-3814
3744
-4103
4564
187
939
-2996
-1339
1786
1058
3094
3937
4287
-1302
4265
-4488
1662
1774
3203
-1892
2532
1549
3047
-4796
-4285
4177
1960
-513
3166
-4913
1582
2517
51
3799
4147
3717
2812
181
-635
1431
3247
1022
3721
-3217
-3729
4447
4078
-3653
-4761
-3813
2177
2830
3407
2352
979
619
-3884
-3578
-438
-1574
2742
-244
572
-1170
2019
-1448
4913
956
-1082
1460
748
-1961
2473
3636
4018
3914
-136
-3193
-1634
256
-67
3641
4187
278
414
-2273
1927
-3961
2468
-4041
668
-3651
4075
-2240
-4038
3251
-449
-2806
-409
2695
3122
777
-3671
-1635
-1846
1687
570
-3207
-3611
-3734
4610
-1730
1045
-1808
-1983
-959
3696
1251
2686
46
1721
-4363
1183
4427
2684