-4263
-3050
-2285
684
4538
93
3787
572
-4500
-239
101
2559
-821
285
3812
-2540
-4896
-1012
-1964
3458
-2111
3678
-3116
-3236
4212
-1757
759
-3740
-1966
2335
3562
2616
-1932
-2194
4617
-285
-3583
1891
-4571
1972
-4234
-525
1283
-458
-3454
4810
-4297
-4008
-3244
627
-2275
-2763
-1419
3454
2416
880
2408
-4613
3328
-906
-4782
-1417
4720
3608
-1533
-4747
-3920
-3957
4926
2276
-1002
549
-2026
4978
-2645
2449
-3110
895
2268
-356
197
4537
-1592
-1082
3103
1239
1330
2537
2643
2738
-485
3143
-1511
-2744
1875
-2309
27
-4357
3994
3416
-3499
1368
-3073
-1101
626
250
3873
577
-2633
3806
1966
-4222
-4189
1542
-954
-4754
2815
539
1654
-3789
-2932
955
1780
3940
3084
-4372
-2637
902
-4911
2153
-4451
771
3742
-3387
3735
-2609
4435
-4371
-2859
3529
1444
-377
4309
1622
-3399
-2567
-793
-2378
-4240
1742
-2077
155
-4169
3275
-3346
813
-3881
4115
-631
2228
-3081
3331
-1451
-4258
1317
-1424
474
2200
-306
2640
3980
-3165
1547
23
4278
955
437
-3072
1425
-1686
-4618
4460
3131
3977
1860
4438
1050
-2593
-1760
-849
-2451
-4781
241
2782
77
2998
-1662
2452
4994
3313
-4391
-2867
1314
3189
-1073
-4241
2075
-3932
4548
-3102
4397
950
1881
-2324
-3653
-1137
543
-4429
-856
1596
2898
-1284
4219
56
-3711
1722
-681
4330
4287
2555
-48
-728
-3335
-1672
588
128
1715
1540
-502
4989
-2572
2264
-4801
4163
4400
-3004
3899
-1683
-2532
-2712
-3856
4574
2524
-4279
-529
2431
-3149
2076
-3981
1652
3294
1924
2079
-2885
-4756
-4380
3938
1760
-4078
-4588
-4952
-402
-4560
2692
548
4282
-1649
-2615
-2701
3031
2016
-154
-1593
3037
2904
2945
4892
2386
-3349
4700
-1027
-4605
2166
-4181
-2413
-71
-1965
874
-3249
-2264
3323
2124
4611
-2558
2
4889
-4
1181
4048
-4162
-3391
2532
4208
2384
-4241
-2785
-572
-1105
1868
-3637
-3010
4624
1083
714
823
-3806
-2970
-817
4317
2174
-4909
621
-3511
-2265
-1579
2427
275
204
120
-3670
-2015
-1548
2623
-4366
3554
2718
-4891
-2581
690
1239
2560
-4512
1403
-789
4334
-1527
1911
-4375
-3571
-1646
-3650
1143
94
-4787
2862
-733
4572
560
-1780
3503
3984
952
2987
3244
1407
-1121
583
-3820
-635
-1106
3646
-1604
-1126
-3350
-3488
-881
2247
902
3417
468
-447
3152
3786
-3471
4741
-2092
-2232
2706
2958
-3244
-2728
-772
1931
-1314
-2441
1876
-97
-1882
864
3409
4645
-3297
-2009
-4127
-2909
-3733
4395
-3077
-4887
-2525
1310
3686
-4470
3605
658
814
-1335
471
-4815
1722
-953
-987
-2649
451
-1410
1184
2000
-225
-2202
3288
-1733
-4875
2450
-4905
-4677
-2483
-1625
3396
-1347
3066
-2770
3271
-1698
-2582
2640
4148
1604
-2284
-2563
337
357
4111
-835
1296
3384
-3636
1038
1913
-4186
-1217
-3809
1146
1266
-732
520
1532
1267
3821
-3340
1353
-1348
1680
-2521
2242
-484
-4415
-4415
2510
-1734
1613
1803
-1316
2212
-2376
315
-625
4594
2308
1624
872
588
2327
3144
765
1116
2115
-3734
-3202
1554
363
-2751
-4471
-2161
-1218
307
-3346
-1303
4907
3359
896
1772
-2828
4597
-2958
2978
2369
-1416
4146
2677
-653
481
159
3852
3819
2270
2765
908
2365
368
4631
287
2478
-87
-4807
13
-2971
-779
2312
-2711
-2042
4424
1904
4616
-4338
4583
112
-844
2188
-1901
-4764
238
-3462
1775
4058
395
-1963
-2100
-4565
2083
755
373
2208
3501
-465
3145
-758
340
-3797
-4405
-3298
2424
-3179
2975
498
2701
-887
3714
-2212
2906
-4402
-421
2564
-107
-5000
-1308
303
1374
-1819
1097
-3646
-3226
1884
-139
-2883
-678
1129
2853
1648
-255
2177
-3835
4465
4608
4728
-4243
2282
-3781
-2010
4386
2950
2198
1972
-4170
1980
2016
2676
-4374
1609
4300
2001
-4997
3645
1363
2015
369
4163
-2507
-1643
-3575
-2835
-1626
-1837
-1356
-2638
2572
4192
-1719
-2711
168
269
-2530
-541
-1432
-1932
2619
-2752
-4630
-4753
-2093
4303
-2469
508
-1089
4513
465
-860
1291
-3932
1150
3553
716
-253
4218
1776
-4468
-2149
-3087
1754
-3096
1339
2989
-3751
-4398
1983
-13
-3874
679
3324
2049
2109
2149
-2764
-2236
-3084
-4028
3095
-667
-3202
-3755
1831
-2929
-4893
3220
-4719
861
4070
-2581
-3621
3838
-3588
-1400
255
1795
-3237
3721
-1611
1158
927
1347
2047
-4301
609
-4724
-703
702
-303
4248
-304
2789
-3406
-2335
-3982
-943
3
1338
-1545
2593
2129
-2767
1595
-325
-2084
4040
-4418
-1331
2162
-2855
-4098
4307
-927
-682
-1285
2375
4203
-3955
2833
4616
4335
478
2820
3113
-1926
955
-418
-4824
395
818
1258
-3170
-4006
3047
4003
-1801
-1904
-82
-755
3284
-901
-205
-4544
2966
-4361
-3870
-3252
-874
-4116
4443
751
-3005
-4293
4739
-938
3581
3547
611
-3273
2057
-2553
4544
1104
2597
-3697
-2942
1506
1606
3930
3103
-242
999
-2848
3438
579
3618
1739
-1756
-770
3678
-4070
-4937
-461
-4220
3381
4278
-4506
1631
1928
-2620
4915
1918
-1090
3027
4463
-4185
-967
3446
-2389
473
-3784
2481
2279
-2531
-1654
1581
-1879
4719
-2172
-4542
3397
2517
1436
-2093
-1148
-129
1507
-4179
1377
-2162
3722
-443
314
1177
3648
4822
1809
235
2380
-4963
4039
3132
-803
-3771
-1141
-1163
2061
-4632
-3618
-3629
-4911
4537
1880
121
-2467
-839
4916
-3229
173
-4221
4833
-1868
-57
-3857
1807
4430
-2309
-4877
-3413
-3993
-4989
-805
3128
-3465
-3512
-4297
1249
-927
-4918
338
3002
2721
-3829
2743
-4213
1869
1156
-2280
-2425
-2805
9
-2582
-4856
4126
-1891
1871
916
-1807
2090
-4327
-2552
2355
2027
-2501
984
2052
-816
4944
235
3476
-1855
3722
388
4232
3817
3197
2302
-3377
4039
-4625
-2210
4459
-128
-1615
-4051
-2599
4889
-977
-3987
-3416
3234
-4738
1949
-398
-4523
4617
2951
4772
571
-834
2933
-2120
863
4443
-3851
-3458
3102
-4367
-4941
-1012
1081
2166
4574
-2453
-735
-3810
-4381
2468
3962
2604
-4372
537
-3071
3930
-4467
146
-2134
-1919
-4421
1422
-2074
-2170
2792