-1171
-3770
457
434
1285
1833
1998
-4899
1662
-2514
2916
3290
-752
3372
1815
-3773
197
-2959
-4362
-4292
4309
3854
-1831
3776
-822
-14
4731
1380
-186
-2625
3669
-492
-3869
658
2160
2578
-2367
1278
-2717
-2383
-3916
985
-1646
-2052
982
-44
-4445
652
2905
-234
-4295
-1234
1959
3317
-3092
-1885
-4254
-3269
-2764
-1215
3314
-1573
-4638
4565
889
4598
2174
-1432
2726
-3030
-3176
2194
2516
582
-1248
-4690
-1155
2079
-3688
1378
3246
-2644
3208
4834
535
3269
498
3800
747
3461
4791
4532
2357
-4532
-4257
4732
-3845
3705
-1800
1653
4921
-4382
-4478
1321
-2891
4322
3986
-963
4596
-2302
1317
565
1324
1036
2035
4155
4065
2592
3633
434
4421
4487
3171
1717
3199
-4517
-932
-33
2197
-2823
1136
-3606
-1252
4094
-4291
-3013
-4656
3474
-2704
-1611
1054
4946
1916
-1297
3807
2695
4132
-2731
4084
-954
-4919
2228
-2938
2253
3851
-2968
3642
-236
-610
-2719
-3487
-1698
-3732
689
-2564
445
1973
4693
3089
-4720
-4823
-1803
1210
3542
4783
-252
-1666
1494
-936
4859
3747
1857
3698
-2763
-1423
4062
2714
-3684
-4873
-4899
-2863
-1559
-3885
743
-749
4190
3050
3656
-1533
-640
-1663
-1841
-2559
3957
-4887
3490
-2618
-3014
3270
-1250
799
-1868
2292
-2180
-4859
-3449
2036
-93
-1971
-4428
665
1078
59
-1981
4803
-3633
-4106
-912
3313
-1387
-4165
-3245
-1821
-1147
-4219
-3222
1261
-1913
1897
-1719
-4484
4383
-2148
-3744
2274
-3589
109
-605
104
-4322
74
1250
2154
1719
-2289
2002
876
-3239
2617
2514
1245
-3066
1846
-3919
-1526
4073
1593
1520
-1001
-3926
-1595
229
9
-1152
-3305
-3434
-2316
-861
4528
-2478
-1172
2843
-638
-3583
2228
4906
2042
535
-1570
802
-3037
3459
-3676
-1016
2802
1187
-2768
-2992
-4588
2892
-1464
4238
2856
1853
1798
3903
-3415
3460
-778
4928
926
-2752
-3448
-502
3134
-2850
-2240
-4232
-689
-945
2750
327
-2415
948
3122
4589
3046
-4528
2052
-2651
4995
-1516
-3373
2705
-3909
-2329
-757
-1417
443
-1121
4897
3402
4621
-761
-3233
3288
4499
703
902
-4431
4153
273
-2065
2868
856
-593
-4799
4629
-1418
597
-1591
-2583
2668
-1316
4878
4529
1716
1008
1784
-2306
1501
-2764
1631
-4483
2158
3185
-3503
753
1315
-1428
-2762
-4953
1759
-4886
-1882
-3481
811
2838
-3654
-1269
169
3443
2541
3679
2355
2687
-1268
782
-4765
-2626
-672
-294
-1855
-1879
1103
-2927
-2740
2988
4092
-2721
1678
-4499
-3080
-2956
1238
-3229
999
2543
3040
-4907
914
4886
3899
2140
-858
-96
-4207
-4375
-14
-2077
-2237
3079
2672
-4448
1551
-3504
-4640
4496
-2008
-1557
2764
3627
3428
2970
-4561
-1965
-2899
-477
-4872
3920
-3120
-1889
-3715
-406
-1647
-2979
-2097
-3023
-4129
1998
-3684
94
4142
-2684
-1294
1235
1899
-2293
-1725
-3637
-2491
-3931
-2855
-3523
4795
-4452
2395
3088
-3842
467
3647
1646
4326
2049
1827
-1990
3063
-1517
-881
-1800
-1584
-4501
-4975
1853
3102
-1162
1254
3831
-1318
973
602
3805
-318
-4143
2048
3386
-2536
-4987
-3378
4155
2119
-577
4175
-2220
-1134
-4258
570
-58
1688
3473
-4468
-189
-3138
1473
-4348
-836
-2703
-4628
1789
-1944
-2457
-2935
4806
-2366
-1723
187
4400
867
-3762
-2168
-3636
-2015
1391
2208
-1706
-1655
44
2445
-4820
-2820
3088
-1963
2067
-2488
2587
-3111
-2126
3271
3167
1507
2100
-1123
1102
749
-1779
2621
-3906
2067
206
498
-1550
3289
372
323
3933
-1730
948
2973
3404
1667
4642
-559
4997
4007
-522
-4442
-4127
-2573
-2897
3414
-1505
3321
4094
-1190
-4811
1743
-2342
-727
-3365
3640
-3491
4482
143
1955
-2243
2649
184
1305
129
-4012
-1397
39
1410
1732
-3286
-621
4570
-3126
-662
2555
46
-1452
521
-1176
1035
-4818
3909
1970
-571
-4583
-4504
-2839
-1323
4892
-2034
-1437
2986
-2995
1010
1653
-4158
3841
759
1096
4130
4400
4401
-2615
-3548
-1961
-2492
3793
111
-3077
2628
1799
2593
-1380
-367
-602
709
2239
1560
-2498
2707
3915
1218
-459
2672
-4008
4286
2067
4038
-3596
-32
-1002
-2089
1706
548
-2456
-3981
-1093
-4356
-4904
-2266
1413
-3711
3339
-4226
-1759
285
-4313
-3142
1293
3885
-1741
287
-3501
469
-887
1279
3056
1771
-1718
-4516
-67
-1457
1327
-3574
-2347
-4592
2405
-4387
552
-2619
3131
4125
-82
-211
-1967
3781
-1554
-3760
413
-2394
-3948
-2555
-4130
-670
4080
209
-2571
-4617
-4111
4906
-2627
-2777
-1736
-1998
-1425
1840
-3238
-601
-3125
3886
-2858
-112
-2562
-460
1158
4001
536
1111
1991
-3648
2384
2674
38
2282
2855
-141
-1237
564
-4690
-4669
2920
-3544
-4070
4977
-4659
-4662
-1598
-746
-4229
-1275
-3326
75
4774
-1384
-3012
-2087
741
2325
177
2319
-3592
-3366
-4436
-3774
-3209
3691
-1134
3674
-3240
-4018
912
1988
3445
-1494
-1927
397
-4690
4249
-80
-4455
-2881
1254
-1459
959
-3208
-2101
-142
-3081
-2634
694
-2671
-241
-4784
4119
223
-1092
-65
4028
1930
-1082
-3662
2803
2914
2281
-1687
-3488
527
2270
-2487
-4090
1989
-2572
4560
-693
180
3126
463
1495
1845
3440
1622
-1895
-3999
288
-2189
2721
4060
4717
3517
-650
-137
3931
-4382
4775
-2369
2114
3550
-3489
-2861
-614
-1989
4701
-3228
2186
-3989
-3384
4702
1340
1999
-4840
-2328
-3187
4556
-2244
1779
334
6
-136
-1686
-2896
-4238
-2727
3703
-785
-4699
-2656
629
-1442
4206
-4118
-886
-2329
2681
-2778
-236
2024
187
-4061
662
4313
2632
-289
-3808
4676
-246
-4512
3291
3384
-1452
-2473
-2599
3722
2389
-4117
4759
-142
-2085
3913
-1365
658
3984
-3877
-3673
4174
-2385
-2157
264
-3221
3003
4639
-1048
877
-2054
4200
-495
408
3751
-2746
702
-552
-2879
3004
3277
-2376
-1515
3063
3205
1990
2974
3339
2477
-562
2758
4335
3087
-3004
3473
-811
419
2213
-1073
1263
-774
-1490
3909
-2973
4433
4886
-3286
-4592
414
4317
-1903
1091
3099
-3957
1726
-4543
-4923
-724
-562
-1799
-4004
1613
285
-3056
454
2316
-921
-4302
-2249
-1967
578
-1335
-3274