-1621
-1674
4740
-4787
-2519
-2417
3655
2754
2405
4097
3578
-1893
-1051
-976
4310
1021
-889
-1935
-439
-2303
2593
4827
-576
-2587
-4025
2655
-1938
2133
3596
527
4644
2829
2868
2196
-990
-2133
1918
-2659
3866
-3438
-383
3872
3335
-2712
-2487
-620
-2207
-1587
2367
3074
2914
1128
3929
2395
-4985
-1689
-3975
-4641
-3346
-1858
470
1918
-2391
4842
2610
-4982
-3262
-3603
-4867
960
-1489
1150
3996
1688
557
-4770
4041
-4452
4747
1153
3637
-2698
-777
1601
1987
1784
-4199
-2389
4567
116
-3039
-1415
-4768
-976
3080
-2286
-4586
2074
-3117
850
3505
1651
-4150
-39
-4640
4733
3752
1417
4911
-666
-1086
1644
2380
2656
-716
-2022
1028
1309
1916
4870
1172
404
-2815
177
1119
4864
721
776
-1010
3006
3930
2100
1919
424
455
468
-2991
-936
-4683
3469
-945
3237
1325
-1817
-4034
-988
647
593
-4142
-3110
3140
549
4984
1669
517
-1086
-920
-2290
-1213
-1139
214
-490
-2420
3351
-2087
-1655
2948
2917
1644
-2716
1806
-3525
2749
-2527
2352
286
-1429
4456
1569
-2605
4945
4842
1120
218
161
4437
-1471
-508
1662
3836
1904
1047
-620
-2228
4059
-1903
-3475
-1621
3683
4316
633
-4397
-4031
-4192
4648
-739
-1304
-3226
-2749
-3091
-273
-1404
-3558
-2743
-1654
355
1965
2025
2122
620
-3719
-2519
1113
-1785
4796
-4698
-271
320
-2222
-1758
51
1850
3986
481
4122
3669
4077
1157
-3262
4222
2932
-2958
-3553
-4031
2717
226
1957
686
-1612
-4551
4571
-3894
283
-1733
-2744
-362
3690
4118
-1990
-3925
-3702
3600
-3085
-2224
-3143
3210
2976
-4615
4073
-3318
-140
365
-2852
-4449
-2259
-231
928
1988
-2269
2181
-1363
-3624
-3450
4294
934
53
1050
-1630
-1705
-1397
4749
1246
1352
1249
1953
425
4139
-2089
1890
-1553
-4502
-1274
-3244
1504
3685
-1653
-2340
-4740
1944
1242
-3991
3108
-3706
1624
-3776
-2559
4600
3182
4387
-2229
700
-505
-4012
4137
-2680
-446
-2483
-1290
-4859
2349
-175
4664
-3153
-2419
-2833
-3678
4096
-14
-1586
847
-934
3164
4424
3170
1393
-778
-119
-2575
-383
4751
3483
2119
-3848
508
895
-594
1502
-638
1643
-1220
2188
2603
640
2841
2360
-55
2354
4606
-2114
1633
-1264
3361
2719
-2572
-3205
-2460
-3900
3874
-4694
1764
874
-3893
4862
-499
360
4964
-2823
-4893
-433
4574
-2037
-3029
4334
1088
-846
-2738
1602
-1170
667
2723
-2142
3943
2456
-2143
1291
-3751
-345
-4286
-3991
-2968
-3862
-3705
3863
2928
2277
-1849
-1035
-1171
3016
-1010
3262
4097
-1784
-3719
-2568
-861
-271
-128
-1368
3597
1415
-339
4451
4805
4653
1622
-60
-2141
-3793
2946
-2744
2377
2723
-4629
1347
2518
2281
2578
3504
4367
-3834
4360
4354
-1945
-2676
214
-2728
3325
4631
-3332
2779
-1223
1612
3108
3562
772
-3025
1996
3601
484
-3219
4971
-3857
3172
-3710
-1577
-3602
-164
1697
385
-4152
-3993
3771
3844
-1694
1018
2114
-2149
-2651
3893
2002
2015
2139
-2951
4435
4079
-4642
3160
-3213
4748
2159
-3300
-2153
-3063
4729
-2624
1605
2323
-3664
-2046
-480
-2277
4737
4494
2873
-4172
2286
1160
2211
4856
-2597
691
-3034
-2695
-169
-2872
-1285
559
4720
-1712
-4206
1746
-2006
-1253
4561
363
4324
-2426
3527
35
794
4916
-3605
-2502
-271
1890
1190
2941
747
-312
786
-3965
4383
2512
-2278
-678
-1206
-2635
1781
-269
-1601
4366
-1244
-3263
-1426
4647
-1642
-3185
-3155
-3090
1221
-2081
-3621
3206
742
-3244
430
2501
-229
3726
2110
2383
-3167
1894
-3304
-3222
-2632
301
2242
-2870
-4301
-1820
2224
-560
2397
2753
-4350
-4617
320
3238
-3212
746
-4812
910
1336
3757
2397
-1552
-126
-769
4619
2358
4355
-1407
3381
-766
-4032
-1359
-2348
-3846
-4603
-1324
-2452
-107
2307
4018
2271
1164
-1524
-2379
3913
2974
-496
-1956
-1077
-1595
-493
2929
1011
-2986
-1252
599
-4928
-1042
2152
2279
-2792
-4661
-3880
-1081
2278
462
-933
3987
4636
762
167
2316
-577
-3651
-3550
-2344
1748
2227
4886
3559
2331
4382
602
-4840
-1821
-2827
-695
1817
833
4676
3901
-1005
1748
382
-4186
1236
-1353
-3900
-3739
1677
4630
3596
-4421
1041
1342
-4628
-3375
1830
-3530
3877
-3915
1658
-4847
1356
-3550
-1590
583
-2895
2050
-3433
4862
-2253
3667
-1116
624
-3251
2701
315
-2138
1415
4685
-2996
890
1074
-3130
-1968
-2633
383
-2118
3043
272
105
1278
-4542
-2696
3497
3211
-2679
822
2089
3076
-3314
-4897
2687
-2014
4911
-2177
-1814
-747
802
-1349
4678
-2060
-840
-3953
-4991
-4307
3372
-4476
3917
-1509
-3731
-4333
829
-523
2073
4461
4873
-4513
-4336
4089
-3712
1902
-3451
-1950
-4389
-1070
-1161
1974
2457
-1619
-1706
-3974
-1444
-2279
-879
2322
-871
2014
-1373
4966
2912
1143
-147
933
-1767
-3094
-1398
-3506
3065
-4279
846
-2796
-898
4443
-353
2128
2424
3583
1866
2891
-4052
-2346
-1117
-3965
1346
2104
3798
2720
1535
-4895
-1033
-2786
-4755
4690
3309
-1186
4256
27
-2331
1864
-899
3830
-1854
-3061
-781
-2668
1079
1587
-4713
2513
-4162
2740
700
-3667
3367
3738
-134
-2673
-3568
1102
2263
4575
-2037
4550
3592
-3102
3105
1599
3885
4140
-2252
-6
-1354
960
4842
-1110
-3715
3567
2049
145
4151
1469
-1630
2835
1476
-593
-2545
-312
-2157
-3578
-2186
1828
-400
1508
-4898
12
1389
-4003
-809
809
1598
1133
-3552
-4363
-4209
2463
1471
-353
-618
4100
4736
-1221
-774
1640
3686
846
858
-2924
-516
-4160
2828
-2225
1522
3097
-1691
-693
1940
185
-4369
7
-4564
-216
-4265
-2490
-3492
-3478
-1706
2889
-428
-2840
-3120
4120
2664
514
-4563
-2237
-416
-3137
-1430
-3230
-3801
2072
-751
1977
2682
-2412
1982
2492
2034
-2494
-1242
-4382
-2406
-3325
3577
2904
-4773
2166
4965
-2576
3041
-1900
-1671
-4963
3366
3289
3529
-3442
-906
48
2604
-3313
425
-1071
-4045
-2200
3540
4853
-2933
-3874
-793
-1039
-504
-2244
-415
2545
-3808
1830
4674
-12
1401
-1002
1724
-3560
-4069
2510
2499
-1801
3605
-1501
-4510
-49
2922