-1229
2935
-3541
30
4462
-2391
2604
-1655
1256
-3189
3719
4757
-2831
4876
2601
3181
1436
-1075
-2497
-4024
-2265
2819
1421
-742
-3122
-2969
2647
2988
2621
1071
638
4272
1064
1780
1259
-4349
-4833
4316
483
-4381
2965
2009
-725
1874
3538
-3033
3597
2695
1666
36
265
-89
4427
359
-2642
-4273
1106
4919
792
-3091
-2352
4327
-1775
2100
1508
-655
3489
-4223
-3947
-1413
-1223
-1138
2783
3372
-2226
-4430
-1479
619
221
-998
1704
3126
-4422
2012
4768
541
317
-3245
-819
3693
3261
4965
1731
-4069
517
4449
-751
941
224
2259
-3821
-3171
969
-333
-929
1883
-2331
-4511
4420
1117
4707
4721
1479
3793
-4559
-1570
-176
1618
3616
4725
104
1430
4420
3736
964
-1719
-846
2577
-3676
1410
-1047
1066
-2740
1429
-737
-3186
-3466
-649
-3547
-3139
-4
3735
-4123
-1066
-2577
-1624
-2185
-3244
674
3233
2089
3495
207
2515
1043
-3736
1972
-4505
-1
4554
1399
-500
3200
-3253
-3805
-1728
4420
2890
-1936
-919
2107
-4665
-4619
4810
2659
-751
2675
-2705
-4206
-1039
-4249
-2639
4118
3668
4252
-2564
-1861
2205
2903
2290
-482
-4017
-2344
-3081
4422
1572
4771
4369
559
957
576
3735
4119
-638
3879
4406
-839
4869
-4271
549
2291
972
-2791
3601
3048
4838
-2425
1942
-2118
395
-487
854
-3170
2836
31
-473
359
-2636
-2960
-959
1896
-3646
4654
110
-3223
3474
-1295
-4754
-3587
-302
2965
-956
600
4060
-2288
1398
676
-2617
-4825
-790
-2403
3218
3432
1400
274
1155
-20
-2092
2804
-3684
-1842
2806
3352
1765
4319
-2246
-1113
1103
-1915
-3488
495
1086
38
-500
1620
293
-1889
4718
-3369
2216
991
3341
-944
-942
-1710
1376
20
-3845
-157
-3853
-3346
-239
-2636
1766
-4676
-2186
2577
-3966
4195
2259
-2501
-1721
-3148
1435
-4087
-1229
-3876
2405
-4984
4929
-1823
1668
3478
1262
2160
-2305
4563
-90
-2063
480
-1252
-262
-4103
1399
-97
-4757
624
3533
4243
-145
4095
4561
4168
-3499
-4502
4176
983
432
-4179
-1907
-4614
-4619
3186
52
2141
554
-1139
-4226
1906
-4754
391
-372
4849
-4202
-4226
-1387
-489
-4538
3897
1976
2440
-2007
1420
1329
2047
2471
-3044
-3423
4873
4829
4712
-3236
-1767
969
-2750
2541
-2545
-2979
-1505
-3031
-1528
4492
-1434
-1687
-4202
2823
-719
834
-1199
-2772
-1524
-4045
-2433
313
-1270
770
3546
900
2074
1417
-1981
-1344
4990
-3189
4161
-4690
-1108
-2483
-4597
2058
775
4413
3961
-4036
1894
896
-2354
4031
-1902
3152
2113
-3551
-942
-1173
-3942
-4409
-3273
-2066
-1747
-2308
-3477
-263
2730
-1210
-691
-526
-1138
2068
1929
-168
-16
-3261
2527
3090
2912
-3551
12
2173
-219
4621
1956
-3071
3391
832
3458
-4069
-4169
-3167
531
-3662
-4316
1200
1666
-3936
513
19
-4166
1882
-1680
-4019
-4349
-2438
-4906
-939
1424
-3919
-2300
4247
-3730
4226
-2812
743
-1266
-1493
-3862
313
4608
-2677
2775
2677
-3710
158
-3167
2432
3764
-3410
2372
-3020
-4830
-315
788
1721
-1148
-3239
1802
-1681
-2677
-4200
-4433
-4147
1039
-2603
-228
-443
3687
-3237
1607
-1318
4839
1413
-3794
-1326
4922
-3159
-497
-1274
4034
-1523
4628
4329
2083
-4517
2544
3566
-753
2050
-670
3475
4112
-2471
738
4887
-3670
-283
-4570
3304
3875
855
-371
4806
-1065
-4547
-4524
-410
168
3196
2804
3212
-1569
-2913
1033
2050
-2416
4824
-4427
-3355
-2841
554
-4625
-2885
1487
3208
2348
-4764
3335
3993
-4138
-4497
2250
-3142
-2713
2754
2181
1160
1264
1312
160
3967
-764
920
80
-1544
3803
-2485
728
-1605
-4254
2621
4343
4062
419
-4948
1797
3627
-395
4236
-3691
-2022
1039
-3101
3267
-3482
-3695
-3683
764
1308
-4574
-2177
1160
31
-3176
4899
497
-1059
-2682
-4417
-2766
-4987
3057
3053
892
787
-4153
-2917
-1421
-1067
-1907
-2549
3858
4929
2545
-3995
1092
1625
-3250
1931
2566
2271
4031
-1101
-2333
1837
-3636
4567
-1751
211
1097
-1788
1061
-62
3312
-4379
-2917
4527
4715
3504
4653
1481
-3606
-4469
3204
2707
2237
4616
792
520
2275
-4078
1122
1916
2409
-296
-4641
1075
-2536
-3884
-3362
-212
571
-3246
4046
-4447
-1056
104
192
890
-4308
-4616
3165
-2114
-1437
93
3880
1497
974
-2923
865
-978
3596
649
-4295
-4485
1337
-2649
2459
-3017
4369
-3099
-2628
4003
-3644
-937
-4586
3005
410
-4300
4115
-43
-4369
-3967
-1392
192
1539
-656
485
2695
-3668
790
-1339
3192
-866
-1420
4407
875
-303
-998
-2673
3230
1972
3314
3753
-1323
-24
-3700
-3571
-3022
2835
-3811
3659
-427
-2310
-3672
-984
-4774
-413
-3708
-3387
-2292
1603
687
-1610
4521
-4817
-4945
-768
2233
462
836
407
3240
4203
-1227
3867
1250
-3383
-4160
-400
-2448
-1171
947
-4850
-98
-1323
-3725
1308
1578
-1559
-4624
140
2375
3743
4722
-4448
4793
3195
-3564
3723
-1229
-3639
381
3874
854
-77
2173
3499
4913
-1376
-872
-1599
1368
4039
-4511
-3501
112
2206
4365
3245
-74
-1538
-3659
-3975
685
-3487
4853
-1890
-1003
-349
-1079
-4456
3313
-3875
3222
-2189
4481
195
-3072
2397
3282
2302
-3475
-3662
4926
-2675
-1010
4543
-426
3792
-703
-585
-1269
4977
3825
3928
-4054
-2651
-1512
-3086
131
-3117
425
2842
1537
-3250
-1205
-3037
-1934
-1631
1431
-601
-1807
-39
4425
605
-1435
531
-308
-338
-3547
1137
1139
-986
-3143
-776
4305
2371
4913
-2020
516
3202
805
-4791
-33
-4283
3019
-2587
4391
4210
419
-2804
-4945
1992
989
3099
2616
1228
-1936
-4914
-4921
-2484
2245
-1480
350
4302
-1151
3931
-1255
3332
-2576
1630
3682
-501
4559
-4272
2614
-3771
-731
911
3808
1938
-3698
-652
-743
3609
-1051
-2575
-3844
1015
3254
3871
-3175
-2070
-1681
152
-2762
-1785
135
2705
-2311
-4379
-4860
1846
-3666
-4414
2
-708
-2463
2500
3491
1894
-3549
4163
-2559
1369
4636
1247
2238
-2037
-2884
-2920
-1710
-4739
707
-1096
-4950
3154
-3802
-3633
-1976
-1763
1830
3582
4341
-3193
-4910
-850
85
-4030
214
-2361
2102