1993
645
-2988
2762
-3383
4100
4409
4457
-233
-4583
4431
2046
-3577
-2647
1327
-4503
-1897
3245
4765
312
2635
3608
3243
1791
-4012
-2156
4591
593
1163
4476
-776
-4883
4968
-4099
3478
1635
1932
3263
-837
2135
-49
3957
4940
-2116
-2723
-1708
-545
-3926
-1003
4089
4657
-3802
445
2111
1837
-4359
-2036
1754
-635
-4031
-1963
-683
2291
3290
-3470
589
2621
1652
-1547
-2508
-3185
-4830
3973
-1843
-4023
-820
-2222
3388
-2541
-4362
-4932
2226
3933
-1927
-1864
3452
3972
2403
-814
223
4642
-2524
1159
3194
3406
535
-3682
3399
-3168
546
2074
3697
-219
2712
1318
-3613
315
-4544
2324
-400
-1801
-1040
1713
4531
-53
956
1089
-4204
-1848
-99
4296
-1058
1061
1409
-1949
2085
-3525
3967
3832
-4665
2066
-58
3497
3042
-1403
4845
2199
-2838
-1643
-3648
-3468
269
-1868
-3302
-2958
-1214
-4637
3525
663
2225
-1799
1383
-912
2854
4000
-1519
-1953
2774
-4600
-1093
2401
3292
6
1041
-2498
551
-4123
-779
2425
1743
2331
930
-27
3446
-946
4743
3437
-2255
3384
-2259
-3488
-3231
4240
-3662
-1757
-3112
-4387
-2623
3815
1912
2048
587
663
4824
4544
4663
828
2378
2208
2067
-1841
4479
-3488
4304
-2604
1452
2942
4641
3577
3161
723
4053
1264
-1870
-668
2933
-2667
161
4937
-2279
-3747
829
861
-4629
2015
-3589
1648
2201
-4215
4339
-2800
2694
1337
3434
1081
-1919
-3658
-2821
3774
-4829
-681
630
-851
-719
-1345
2470
4822
372
-1663
2592
2801
1630
3765
4629
-1575
1328
120
671
2584
-3529
-850
-2952
-4495
-1185
28
-2660
4112
-1292
-3371
3643
-1127
-2574
2162
-1402
146
1826
-406
238
816
-4092
1669
3454
-4848
-1970
1976
299
-3657
-104
1182
2775
-4875
126
526
-748
4046
-542
-1832
4763
-98
1245
-3725
-379
-3617
2118
4745
3700
-3016
-3204
-956
-4166
307
-3507
-941
-3438
276
-534
-227
3615
-2966
-1363
298
654
-172
2257
-4570
-3060
277
982
-4839
-3587
-3639
-427
4250
-1753
2396
-706
3124
-419
-4009
-3335
477
3943
3055
2924
-4195
-3199
-2739
1200
-960
-227
-3738
-2834
2534
4439
-2808
2534
2245
-1559
-342
1674
-927
-3943
256
3549
-3479
1837
1809
-4431
-3963
1485
-2957
4558
-920
2151
1436
-324
-1279
-1295
-1055
3053
-3341
-4703
1523
738
-29
666
4006
-2821
-1989
-1362
4332
3838
1167
3204
3845
-1015
2615
-4857
-1475
1261
-3592
85
-1115
450
146
606
622
-2044
-3253
-25
-852
-1461
-4774
4009
-839
-4380
4584
3935
-4363
4121
1835
-3638
2888
-450
3182
-2276
168
-795
-1364
4396
-2737
1120
-741
-3631
-4443
3400
4535
-493
43
1711
-58
3012
-2677
-1724
-2143
-4365
-1111
-1552
2204
3104
2671
1371
2478
-654
-3858
3452
-121
-1879
1030
4301
-1570
-1664
3461
4605
4623
-1003
1455
-1547
2022
1682
946
1034
-1003
-4665
680
862
1044
-4904
913
-2157
3999
-4224
4270
-4263
-4513
3677
4509
4296
-2981
2571
196
-1095
-202
-4875
3054
-275
-1002
1495
3887
-847
3469
3253
2930
-853
3569
-3915
1233
3308
3649
-2337
-2351
-2836
-1717
-1000
-1899
671
-1198
4350
-2919
2065
3606
-4670
-2898
-2810
-3334
3004
4184
-2392
-4825
-220
2065
695
-2424
-4820
-1596
4613
2483
-475
2905
-4065
-3859
-3091
4376
3770
2440
-1797
999
4069
2345
-1284
-1280
968
408
-1604
791
1855
2931
-4928
141
1121
1698
-998
1918
-3136
-4489
3317
2570
2035
-3208
-1838
-3182
-4170
-3358
-18
-4902
-448
-1167
-4840
-4386
-1913
2341
4696
-1023
-1265
-894
3298
-1252
-2771
-983
-3287
2880
837
-513
2764
251
4017
-4221
-1248
-1102
-2052
2112
3262
-1351
1672
-4927
4836
4083
-1707
-2639
2196
-2951
546
-376
771
-514
-4454
-2829
-2383
588
2093
4736
-554
-1374
3795
2467
-108
-649
-1989
2734
4402
-1762
-1564
-3292
-4438
-2928
-642
3701
1850
2999
-3091
2889
-1141
-1160
-1248
-4154
2725
1288
3473
-3519
1604
622
-2486
1090
-4753
4519
-3719
-1770
-2002
-3954
1875
-2451
-2754
1679
3195
-2947
-3772
2549
2490
3677
-1624
-1763
2640
3254
-4525
-3293
-1690
620
-1470
-1138
-3791
1891
-1500
-1589
4417
3443
3096
1513
-2225
79
2248
-1362
3836
-2149
1595
1149
4910
3514
-2765
2931
-3070
-3737
-4759
2747
140
3934
1440
4338
2185
-552
2791
357
2301
-1486
-3985
1533
4826
-3388
3902
-3620
-1937
1042
-3759
-4943
3064
-3065
-4556
-947
-847
603
2769
-1927
1586
2283
-3394
4449
-3620
-3866
2902
-2135
-3203
-718
-4157
-2981
466
4655
697
-2436
-3183
2997
3028
-3423
-4556
3162
-4069
-4368
1957
-1732
-4900
-3761
-4541
-4563
3521
1724
2873
4292
3954
-729
-3874
-3943
-1697
1230
-1906
-3097
1610
-2757
-1916
1927
-1744
3504
-2963
2525
2796
-2889
1676
4753
220
-3252
-468
2311
4259
-4807
1566
-183
-2990
3541
1222
-3407
1994
-3717
2824
4835
1393
-1655
-552
-2227
2575
-2672
3131
-2481
4388
635
2306
-1610
2043
-4447
-2969
-1212
-53
-367
-1813
-261
-3638
-873
1591
4422
4813
-4869
-1785
2102
3965
-1511
2247
4538
-1741
53
3579
-3080
-549
-1337
-4502
-2250
4389
-1670
-786
1084
-2566
2628
-2597
-2664
-2631
2580
-2206
-818
2608
-813
-2767
-1166
3694
-3186
-3741
4949
-1815
-3085
-3124
-3789
3965
-1139
4677
-1043
-3010
2791
-4594
3862
-737
-4799
-2109
-2640
4680
-4796
2222
4100
4976
-549
3894
-1988
836
3149
780
-1972
1615
340
1257
-1094
1947
-1603
558
1252
1493
-4813
-3612
-4348
687
1157
-2636
-1473
-4688
-773
-901
-3290
3598
-760
-203
-2187
4667
4819
-2085
3951
3477
-737
2269
-3055
-3128
-1547
4544
4780
-2187
-4412
-4114
-2824
3542
-3450
-2374
2196
4268
2074
2600
-786
1630
-1830
3043
-3293
-231
-4363
-894
2379
627
3285
-881
4457
3906
4682
3188
4958
-3290
-2180
3249
-4774
-3554
-1816
2996
1662
1493
3239
-331
-63
4077
1655
2121
-2744
-1467
2284
3743
-545
-3968
-636
3080
-4653
-4924
4188
-992
-428
1535
-2750
3578
-1735
4475
-4967
657
-930
1189
-2170
1632
598
-323
-4538
2770
-3486
480
3780
3487