-915
4910
-1375
1430
4424
4643
3508
577
4104
-2238
-4188
-903
459
2344
2026
-2004
3659
-3124
3584
4529
1375
3219
2966
2489
-4397
-130
4109
1529
-4667
-845
-535
4260
-4849
4152
1120
-2768
-300
-3874
-799
-3351
4669
-4550
3899
3987
-3216
-4461
3310
-3597
1578
-4065
3499
2257
-3931
3527
2068
2100
-4383
436
-126
-2816
-4485
-4411
-1366
1488
2749
366
4396
-4807
3694
4922
351
-2798
-41
-1274
964
-2853
4068
888
4293
1973
-3894
-4744
-4152
-998
2889
-2584
-2293
-4631
-3047
108
427
1370
-368
874
-3748
3011
-4824
-2924
-4755
2278
1185
-2203
4404
-3723
2719
2078
3831
-2654
-2728
-16
-4340
-789
3807
3308
144
1620
-735
-3940
-3825
-2664
2806
-4389
-3096
-1104
-3579
-2499
-435
-971
-4697
1098
-1383
915
-940
-3381
2257
-1878
-1238
888
3098
3438
1291
1205
2625
-3352
3339
-4869
-4978
2494
1035
-4298
4650
-1980
-172
-4219
3589
-2302
2862
-1966
-939
3557
-4528
938
-1156
329
-4783
-1829
2713
4093
-187
3469
-3641
3419
2191
-2565
1430
-2408
-4421
-1942
3429
-992
-193
4693
-478
4787
4615
1224
-729
-450
-1831
3985
-3760
-1621
2779
195
-1354
-1612
3648
-2604
-2364
-305
-877
1265
-1137
3493
3110
-1192
-763
-438
4766
2812
-4160
3697
678
4857
-4889
-178
-1052
-2072
1462
4767
-2696
2931
-1726
532
-231
2987
3577
-3653
-2101
767
468
3080
-787
125
-4279
-4709
4477
-602
-635
2180
-1661
1830
-1499
269
981
1929
-1925
4794
474
3121
3376
-341
-3779
4547
1470
2358
4011
4729
-4470
1266
4504
-1582
2308
-4072
209
-897
215
2496
-767
2719
3182
-4322
157
664
-1007
-3301
-2830
2660
2369
3034
1480
-4051
1850
101
-3599
3351
4386
-30
-2477
4459
-1858
-2978
1124
-246
4190
661
3300
-910
3983
-2696
1484
-4480
-1265
2637
4695
4354
-3454
2048
-1788
3488
4629
4336
-3834
-360
2380
413
-745
3439
-2972
-1120
-483
3812
375
-2638
2555
871
-4018
2807
4487
-2871
-4687
4868
-2179
3988
-3308
-4996
-1898
-2439
2430
605
3933
478
816
-2457
-1180
1250
4923
-2879
1338
2338
-4766
963
2451
-4650
1444
-4792
68
4561
-3910
45
-834
-3584
-431
2259
-1540
-4889
-4280
-2789
-1404
4822
3836
3547
-1861
-1106
-998
-3338
-4355
-2149
-252
-3656
2458
2662
4145
4000
3713
-1849
2920
1826
4886
280
994
-1887
4849
-1118
-3508
-2895
-3695
-3922
2830
175
2514
3444
1244
-731
-130
-602
-2747
-510
4465
-1718
-2116
4939
4471
1156
-3382
-4710
874
-3568
-4657
-4272
-1138
-1825
-4295
-2367
4560
-4521
2946
-4011
4449
-3527
4040
3435
104
1895
949
-4578
-4474
4177
-4600
-596
299
-3201
-4085
1842
3329
4270
-947
671
3082
3923
-744
-4753
3586
3612
-2894
-2300
-2263
152
3916
-4338
-2153
166
3947
-3155
-3904
2134
-3361
-1305
-16
4189
-800
2746
-3592
-3327
-4886
-234
-4112
2526
-2769
4046
-4502
-3722
1651
2808
-1562
4616
-1306
-1716
-24
-2517
-4054
-1060
-869
-96
-3102
4854
-2660
-14
-1644
1715
-2025
-152
-3761
3952
-1080
-93
-4903
1228
-1072
-2776
-2312
1469
272
2419
-2112
4311
-212
2972
-1448
-3771
-4461
-3672
1244
-1453
-1891
3593
-670
3234
3834
-4008
1891
-1092
-3250
2841
-1095
-3724
-2371
4184
3922
-4060
4901
-3797
-3326
-481
81
883
4686
1164
4733
52
-669
-2579
-993
3047
-507
-1194
236
-1684
398
-2588
896
-1224
-2383
2096
2352
3354
3507
4881
-2403
-1211
-16
2585
-4140
923
-221
1957
-4371
4606
1366
4410
-3831
4343
1084
4175
-2724
940
-1101
-433
-1610
4269
-4963
3572
-4767
-2774
-3209
33
4650
1522
-2711
705
-3592
1645
-2958
4118
1957
-2517
-1147
1094
-4292
3336
-1179
1681
1134
-117
4146
99
3219
-4431
1106
-4577
-4849
-2684
-695
875
3231
-4911
3207
953
-2021
649
2012
2371
-600
1968
4312
-4428
4422
3572
1214
-3423
-506
2069
-2858
1739
-4825
2161
-2544
4253
-1547
2777
3155
4578
-4508
-3260
-2645
4354
2082
-2926
2647
-3423
-1319
4043
4024
-4122
1798
4679
2812
860
-3630
-1883
3157
-1005
3377
-2571
-1118
-1067
279
2863
4700
-2917
-509
-3045
740
1719
-3865
2704
4432
1103
1083
1761
-3504
4294
-3543
-954
1514
4354
-4593
2514
-3954
-2051
718
-3319
214
2241
2752
3004
1061
4107
-3775
4844
-4278
-4985
1610
-514
2527
2974
4158
4685
2357
4627
4784
4592
4365
-1585
2732
-4260
-3370
1990
2237
-736
2391
-4423
-3681
4894
258
3238
-1472
3695
3502
-2663
-3976
-908
965
-2314
427
3761
266
669
-3926
2401
-4206
2771
-3249
-2012
-753
-2214
3127
1225
-1863
-1610
-2968
-2354
4441
1113
-3608
148
898
-1696
-1963
3147
-2332
2315
-1369
1096
257
-3361
-2496
-754
-4499
-1809
-3886
3528
-2462
717
2840
4578
-3299
865
2836
596
-4727
-42
-2341
-43
-2545
2500
-1460
-1545
1044
4156
4888
-3866
-262
-2067
-1194
-1897
362
4753
-260
-4027
-1870
2617
2622
1513
533
3744
-995
1811
-4981
-4795
833
-1153
3418
4259
-4964
3460
4344
-3877
-470
338
4431
-1605
-3951
-2103
27
4708
4036
-3941
-744
-3711
1305
597
-3718
860
-2354
2585
-3746
-4233
-3234
2392
4695
3519
4069
-2379
2907
697
380
880
4601
3454
-3208
-1334
2826
-1084
3208
1247
-3926
-2887
-4751
-2692
-4989
-3278
1362
4943
959
-4140
5000
1990
-1086
-1264
-1362
-4977
-3346
2093
147
-606
4430
3099
-16
3256
3659
-2960
-3504
896
-2019
-2192
-1796
2537
-1484
-3270
-587
-3488
-4077
-3456
769
-4522
2878
4794
4488
4800
-481
4125
659
2050
623
-3943
2753
-2708
3953
359
-2322
979
4091
3375
1335
1263
4716
-3856
-3510
-1587
-4579
4387
-3033
465
3851
-4358
2992
1588
-3300
-322
-1239
-4651
-130
-1946
-2668
-4204
2167
1322
4570
2961
-3342
-3165
832
1214
-1881
-2502
-1608
1055
-2679
4214
3081
2687
2782
-2117
-2914
3530
-3877
-229
2562
3855
806
-2819
-4902
4545
-4704
-2882
3247
3404
-1357
-4260
4534
1727
-593
-3827
4547
4101
43
2550
-3259
4924
-4804
3005
-533
-1024
2697
-2631
899
440
-3468
-424