4359
4305
-4911
4304
3086
-2605
-2949
798
3447
-3490
-65
-4409
-3890
198
-1295
1921
4832
2950
-3522
-1467
-3554
4422
-4919
1291
3578
-4642
24
-2794
-1551
4311
3473
1550
1472
-617
1196
615
962
-4708
-4290
1270
83
-533
-1338
-4129
-2958
1323
-2901
-1668
4495
-859
-2136
-3763
-2079
1410
-1433
2826
1408
4343
2267
-2487
-1009
-1004
1006
-1352
966
-1293
-36
431
-340
3741
3939
3631
689
4487
-2721
4611
-1839
547
-1292
4192
1100
3382
3407
-89
-3212
-4051
1426
3481
-1622
1034
-4547
2286
1646
4225
495
3280
-3825
-27
1015
4163
-1863
-1991
-1199
1908
1054
-2767
-3647
4965
-4715
349
-383
3805
389
-2982
-4388
3028
-405
676
2394
2431
-1186
319
117
2851
3308
2420
678
4298
4979
4788
-2643
669
-1161
2555
3234
-714
-2562
-90
2084
1124
-2238
-362
1623
-4982
1792
-197
392
3669
2502
-1784
-1527
2836
-654
-1395
-4160
3619
-1331
1601
-1945
1838
-2257
4778
2501
-2647
2166
-4085
4531
-733
-4135
-4517
-3752
4018
2866
-558
2381
2504
-3695
3474
-2534
1623
-461
-4320
4192
-3694
1109
766
1335
-4004
-4083
3522
3833
4483
451
-1347
7
-3753
409
-304
1200
-1935
-2693
4603
-955
-4108
-3129
4278
-1072
201
-468
-1022
3379
500
-4758
3102
969
2997
3966
1981
269
4154
2434
-4058
197
261
3412
-2238
-139
4576
934
4078
3997
1470
2952
648
269
2817
4963
-3790
-1862
1891
-4199
-1353
4653
-3043
-1250
233
-1002
-1088
-2793
-3680
-1426
578
3118
-2393
1510
3596
690
734
-2743
-3001
894
1065
2194
-646
3327
1873
2682
-947
865
282
770
-3806
3064
-3327
-1532
2261
-593
812
-4890
2960
4833
917
-4124
3269
-1355
4600
-2924
267
1416
-3333
1044
-722
4375
1659
800
1512
-3334
-2923
3854
-1128
-2243
-125
-4000
3743
4257
-3631
-927
-1214
-2624
-519
4538
4143
-1599
4384
3154
-4558
-3277
4071
-911
4419
1406
2996
749
-1980
3141
-2999
2597
-2871
-3919
-466
-1241
1232
2832
-1289
2600
-4218
1850
3068
-3637
960
2822
487
-1899
-1727
4411
1431
-1985
-2022
1512
-1547
-4235
-4427
-1996
-1544
489
-2230
-3524
-33
4225
-3193
-2333
3641
1239
315
-1561
-1240
-4365
518
-2242
-1287
297
-1943
-3876
547
3578
-4314
4079
-2304
590
2904
3561
-2758
3796
-1681
-2558
3312
-2549
-2857
4203
501
4615
3575
1586
-4084
243
1743
1190
-3852
1758
-4193
-1424
-239
3911
-3997
3845
2625
4591
-1731
3952
-4674
4007
338
-3710
2074
-2203
-4625
-3713
-2892
3542
544
4875
-4293
1111
-1766
2874
2103
4694
-4385
-4803
-4004
-4034
2666
4549
-1333
-136
4130
1842
-2143
-3291
4216
-476
-1289
1417
2998
-2028
-172
2108
1270
-3966
-4278
-1452
3093
3818
4908
2639
3049
3142
4634
1464
-521
2397
387
1568
574
-1188
3550
-3802
-3304
4185
4501
4423
4613
54
-1808
-544
4535
-1209
1889
2728
4768
-3399
-291
-2723
3181
-3748
1888
-1218
-121
1349
766
-4315
-4455
1639
-3287
1282
-3768
-1925
3776
904
451
4772
-4446
-511
-4620
-1920
-4799
4563
4195
4311
-2496
-4555
340
1137
-1376
4263
477
-2381
3705
908
-1285
2423
-1873
3549
-2415
-2475
-3760
2745
-622
-3933
-1794
-4079
-4974
3718
-1329
-1069
-1581
2401
-3153
-4920
989
3912
-3469
-45
3871
-505
288
2877
4264
215
-579
2899
-671
1155
-3998
835
-2387
-2073
-1022
-569
-3602
-3358
604
-4677
2638
2938
-3752
2185
-2521
1181
3226
1729
747
2474
2472
-685
3127
4833
-1959
4545
-200
-1679
-1962
139
983
734
2302
3069
-2622
-2189
380
-4110
-2841
4310
-1563
3292
2686
-2089
-4403
3737
-1860
-2393
-1318
-1110
-1669
2533
2071
-4729
-4210
-3138
-3329
-4956
4824
1878
2847
-4624
3869
-1916
3330
-3593
840
2808
1478
3531
3118
-4837
-1954
3198
-11
-1842
-3972
-1384
-1711
2982
-2109
332
-1271
-3541
1789
-2161
1578
-3407
932
753
-3783
621
2284
-2861
3824
-3425
3645
-2946
1993
-3147
2423
-725
4795
-582
-3132
1801
3895
-4416
4334
1546
4574
-1741
-556
103
-4817
-1588
2286
3710
4528
-8
1488
-1701
1616
705
-4459
-1260
-3148
-1741
875
2672
-2558
-1427
4616
3478
-4392
-291
4478
-967
-4541
-1411
-3328
819
-2945
-1058
28
-2708
4231
2662
-1537
1814
-4668
-4295
3744
-3134
1319
4160
560
-2050
-82
-202
508
2606
3899
-4982
2108
4077
1882
-518
1376
-1494
1509
2446
4172
1565
3263
327
-4227
1385
-3218
-457
-2614
-4538
3398
-2046
-3672
-3325
-273
-397
1012
3360
-1111
-1550
-3990
-4037
3645
1895
2173
-2639
-1557
4285
4159
-4680
3687
3502
-1289
-2698
3673
2925
-4537
405
496
38
4151
-2839
1366
4554
3097
3528
-2502
1396
103
-387
647
4430
-1043
-472
895
-662
-3730
2862
4121
-941
3441
4889
-277
1885
-1505
-550
1606
3805
-150
1220
-2139
4492
3641
3004
66
3770
-3075
4009
-3678
4520
-2125
3371
4441
1227
-3520
-4478
-490
2752
-4923
4612
2847
4930
2685
2472
3443
-1602
4357
3762
3009
1379
-3237
2838
2096
-4111
2297
4243
2398
930
-3006
490
-2775
-2208
4527
403
2423
-2887
-1430
2370
-3777
3681
-4258
-3400
-780
-4686
-1481
4560
3557
2592
4406
3975
416
-4306
-1963
3015
944
-785
4235
2265
1790
-301
-468
-974
2763
4030
-2280
-3672
-2636
-4336
89
-42
326
-3495
-934
153
-4701
1333
1326
3735
-4265
-3756
-3344
1109
-2558
800
-4315
-1239
-1470
3319
1221
-3112
3475
4563
608
2781
-4455
3442
1008
4864
985
4080
-4637
-4527
216
4658
675
-52
4670
-2571
1584
3110
-1136
-1931
1364
-518
-1490
-3169
-666
1159
1907
2969
2459
1966
1689
4466
-429
3604
-524
-3049
1081
916
-2433
-4997
2783
-3984
-2122
978
1206
-2599
-3694
2594
3439
-4406
1760
357
-3364
-65
-4613
-4045
3162
-3973
-730
-4606
4521
-4331
4821
-1916
4753
1618
-1741
-463
-1349
3656
-4309
-1915
3451
-2552
-3712
-195
47
2007
-3564
373
4528
-507
-1872
-3311
403
517
2410
-3244
4223
4262
3750
3371
-2899
-4371
4286
2845
-4367
-2631
-2889
413
279
734
984