-2507
3578
-398
231
-4440
1477
3679
3188
-2791
-2451
1731
-2565
-543
-1281
-4229
-4158
2428
-4538
-4059
-4247
797
-3854
1041
4086
-3656
303
2337
2084
204
2289
-684
3708
4946
-4257
2865
1151
2144
-510
-2850
-4640
1800
-1648
-4075
-2289
1480
-4518
-2921
-3172
2695
4408
1546
4996
510
2723
-634
-2404
-283
2118
3888
3627
-2401
2063
-1106
-2132
-4252
2565
4329
2505
2856
4141
-3833
-3672
-1313
77
2313
4756
-2574
856
-3228
-4611
-120
-2972
-4253
-515
-2950
-762
1083
-2875
3652
3616
-4761
-335
3802
1984
-4059
-549
-2808
1407
932
-2089
4180
-1768
-4720
-488
-429
-3018
-2072
3356
2180
751
2750
3611
1059
-3650
-2617
-1478
-373
-2576
1259
-323
-883
-4318
107
-1245
-2763
4681
4646
-1768
-655
2285
3546
-1372
2107
4117
4258
-4040
-1149
4565
1580
2191
2619
4064
4306
-1428
-3523
-157
2585
-2882
632
590
-4441
-4168
-237
2256
-4250
-1148
-2104
-218
3391
-4147
4464
-2860
3896
3823
1693
-2836
-4292
4500
-4777
-4371
-423
-4267
-4918
2863
-3343
4537
3100
2887
-4567
2025
-1939
-2110
771
-3505
3896
2419
-4758
-3497
-2228
4132
-1076
-747
-258
-2024
-2597
1496
3851
3785
2908
-3013
-3693
4813
-869
4198
4
-2723
-4809
4039
3592
3448
1974
109
-4581
-4723
-2660
-4865
-1444
121
4077
-4807
-3226
-3723
3841
285
23
-1233
-1992
-402
-314
671
1186
1858
-4899
98
-4900
-2598
-3901
-1276
1512
-450
2595
2995
1045
-3663
1658
3609
655
51
-1888
-3358
1290
4657
-2277
-1688
-800
-511
-3253
74
3095
-1316
2349
2134
-3822
-1629
303
1473
4099
-4431
3026
4189
1472
1005
-619
-1073
-3010
4378
2570
911
-3761
3095
-593
930
2670
-2695
4322
4631
-3173
595
-3430
4961
2308
-2491
2577
-2428
-4123
-768
2608
3921
4038
-473
-4090
165
3874
-2776
4393
1701
-1758
-3496
-4898
1683
-2480
-928
2988
193
-2955
-3656
2282
1844
1002
-4822
-2569
-4370
-3151
-1293
-4416
460
546
-1650
-3569
2361
739
2634
3423
-4786
4863
436
-4061
1398
4262
-355
-3875
-1741
373
-4409
4246
3104
1052
-608
-2253
-4745
4998
-599
3981
-4099
-4240
4641
467
-3840
-788
-2564
-2239
3726
2909
-3035
-4680
-2608
3961
-1122
-395
-3843
1365
237
1904
-2603
-4754
3169
-600
-313
-2293
-3826
-1934
2379
-4634
4239
4675
1426
4813
1753
1393
-3321
1948
4397
1218
796
-469
2192
2159
-675
998
4611
940
841
2945
-1855
594
-631
2276
-1777
-215
-1350
1875
-1779
2492
-1423
-3292
-3535
-3999
3081
581
-3936
-1256
-1462
2531
2449
2015
3362
-2452
-362
-3708
-796
-1750
-4103
-4252
2440
4594
-4702
3583
-2224
-112
2870
-2026
4481
1953
-656
-246
2824
-82
3972
1238
1550
-2910
3295
2894
1821
92
2874
901
-4837
-4834
4779
-2356
1759
-4973
-1336
36
-692
340
-4073
-4701
-4146
3824
1835
-3760
2134
3911
2924
-3274
2797
2330
-2742
1506
818
-2067
2042
2413
3839
-3567
824
4349
-2092
-398
-431
2817
504
943
929
-1023
767
-1052
4247
3984
2481
-3857
-405
-2174
766
-3865
3396
476
4785
2384
-1090
1901
-4024
120
-1394
4806
3295
-754
-4067
3992
-2010
2387
1955
-1274
562
-1004
-1809
-1814
1855
-3348
2952
-3577
-2231
3526
-4263
3982
3786
4537
760
-3986
2012
4502
4084
4469
-4586
2455
-4831
-416
3507
1420
2299
4621
3944
2960
2723
-2118
165
1805
-3162
3588
4273
4073
-280
-1633
3759
3821
-961
3714
4311
1282
-1219
4392
-3574
2327
-4165
2998
-312
1415
-4911
-1856
453
409
119
-239
-1423
-1990
-896
-1504
1497
-4239
-4157
1039
-91
-1650
-727
-2634
2915
982
2237
282
2947
-4723
-4754
-2999
-4863
43
-2609
4196
1612
-4447
751
-902
-627
-3049
339
-519
-4686
1969
3496
-4795
4801
-2936
-3223
-498
-4520
2669
890
1871
541
-2329
1304
-2476
-2994
-3910
80
-2193
-2288
1905
656
-1212
-4311
-3710
-1353
-4132
1420
4983
-1557
-3492
1202
463
4350
-2768
4608
538
-4469
640
-1810
-270
2584
4438
1302
-556
2652
4724
-4721
1626
180
3353
3796
-3166
4577
-4939
3502
-3952
3580
-1607
977
4801
-243
-1386
-4909
-941
-4879
-4949
-2022
751
1103
3307
-2373
2646
3596
-1956
886
-1908
-4734
546
-3103
2638
2933
-4395
3988
-4402
3540
-2443
4142
-4834
-3060
-3319
79
-874
-3235
1152
-718
4033
-2223
2168
-2774
-4863
133
-582
-4439
629
3069
-66
3112
4168
-1126
2245
3817
-4041
-2285
-440
-2388
3017
4052
-902
-3276
-2628
-3146
3502
4669
-713
-132
4165
191
-2185
-3471
-4232
-2527
-2390
1955
4278
4455
-3966
1569
-4286
362
1739
-917
-4980
988
1530
-693
-2274
4882
725
-3801
1862
4850
3444
-1565
-3460
4581
-1988
2232
-32
205
-4018
-4280
-4536
-938
1744
-2664
2603
-4682
-4874
1008
-324
2298
774
3168
-4887
1481
-3405
138
548
1725
988
-960
1065
3935
1418
3852
2980
-3515
-155
23
-4301
-2741
3593
-12
3788
-2853
-4416
4802
-3369
-1103
-1405
-3746
59
2790
4203
4290
-2398
-2733
3874
747
2156
-1098
-12
-966
2786
858
1178
-530
2212
3982
512
2014
2986
139
119
3606
-2127
-2218
1691
1551
-580
4960
-4886
4830
-1250
-3958
-4084
4274
3986
2310
3918
159
4682
-1880
-4194
2401
-4505
-491
4922
773
-4481
-723
1155
-2733
4138
-912
-244
1220
-4803
-4949
-1461
1852
2478
71
3996
-3812
2114
3080
4674
-3984
-2604
1672
676
-4222
4783
-1546
1635
-1861
2268
-1139
-779
-563
419
2431
1770
3894
4371
-3843
4028
1406
4390
-1530
1648
-4310
-719
-2904
-168
572
1055
2000
4587
-357
-4921
-295
1350
-1315
-1688
-3740
-1519
1693
-958
-245
-3960
1429
532
-1762
3875
2935
-974
-4682
4572
1063
4405
-3477
3111
2490
-52
1546
2090
3221
889
3125
-1721
596
1724
2558
4224
-1300
-3546
-1948
4882
-2248
1206
-2689
-3906
-1505
1912
3203
3424
1898
842
-3557
1641
-2120
1657
-1661
-4569
4258
-4639
1101
223
-1761
-259
-2886
1631
-4548
2173
-2921
-1776
-1911
1301
-4896
-3900
1922
-806
-3085
-1637
1436
-566
3287
-3302
2459