1613
-1314
726
670
163
4049
1261
-4723
1492
241
1364
-2069
4723
-1777
-164
-2178
-125
1179
1482
-4359
-2530
4911
2643
3401
-1300
484
4946
1632
2447
3891
-1658
-1515
535
4033
4331
3362
-309
3887
823
1914
-4504
928
2295
2686
4575
3577
-2988
-2356
2273
-4509
-3733
3163
260
486
-2312
-3806
777
-3984
362
1623
-2629
1681
-807
-3055
-978
2001
3046
-3215
-3710
-2678
-3001
-4681
-585
2954
-749
1357
1606
593
3279
2436
-223
-3928
1148
-2376
700
-2244
-408
4208
4765
-3412
1430
4977
-3781
3414
372
-879
4726
-2056
1281
-2646
297
180
4117
1468
1362
2094
648
252
3727
-1339
-4273
-1703
-594
-636
-4553
1353
-2623
-805
-3340
-3694
-3620
-3318
-4156
3354
4703
-4283
967
-1932
-1754
4995
375
-3554
-3071
-2228
-550
89
-2023
1551
-1003
4502
2301
4499
4861
4899
371
-1840
84
-494
2005
2409
-1413
-1819
-1351
1046
-378
2659
723
4004
-4353
-3612
-3567
3925
-3685
2795
3547
-1436
-3875
3612
-4774
-4856
-3706
-3880
3117
2124
3032
-2695
-3148
-4389
668
-2247
4681
4325
3017
-1693
-3781
839
-2657
1544
-4594
962
2102
552
-2302
-2303
1848
-2604
4874
-1299
-4538
2361
-1883
-403
1019
2497
-4785
-1706
2812
3622
961
1196
3979
4958
1510
-3576
2204
4175
-1819
2933
2624
2340
-2477
2235
658
2930
-2002
2296
-1796
-183
4000
4648
1937
2702
3799
4105
229
-2821
-3510
-4434
-2435
-4020
-3402
4610
-3622
4746
-3139
-1245
-1265
-142
3310
1924
4948
4210
-3104
-2062
-4313
4052
1486
1437
-4696
-4780
-327
3842
-2560
-217
3433
1851
3854
1989
-4537
3721
1516
4088
-3177
1936
748
257
-3568
2434
-3078
4784
-1738
-3385
-4948
-1036
2484
-4449
2127
2267
2624
-3552
2504
79
-892
-4985
-297
-2003
867
732
3388
4613
-4050
1001
1795
4249
-3794
4703
-3703
2895
1087
1967
-550
-4470
-404
593
-4453
2482
2513
-1148
-2093
2397
473
1162
340
3806
-1372
-2029
1242
4392
2424
4184
-3983
4598
4110
-1235
1034
-132
-1008
-376
-1365
-4314
2149
831
-4902
38
581
4357
-816
930
-2279
1256
-3844
-96
-971
4161
-4949
3619
-1978
1151
1478
1034
-2351
-3336
-2575
-4729
3327
1255
-1755
4188
-1673
-3484
1408
1891
4084
-347
-351
794
55
-1376
1283
-2537
-1658
-3233
86
-3665
3598
3708
779
3332
2183
-4876
-2391
188
-2197
273
-2950
-3940
-1273
-1539
130
-203
4136
2616
-1723
3482
1700
-4436
-3533
4512
-3660
-1443
-2228
-4112
-2453
269
245
-2250
-3119
48
-1992
-3099
-4292
-3718
2712
4951
-1024
85
-4028
3393
3760
660
2785
4503
-997
4042
3288
99
2316
-3371
1305
-2844
-1573
1897
672
4126
-3556
2778
-3549
636
-259
-4775
3438
-4189
3864
-2432
943
3933
-381
3857
3386
3499
426
-4300
-151
-4782
-653
-431
4486
-967
-4277
1359
-1146
51
-3156
-19
2272
1604
-3591
-1547
-1635
728
2656
2113
-4892
-2946
3191
-4454
-2007
-1148
-1925
2018
1524
-893
-3961
4929
-2749
-3633
-4021
4837
-1203
-83
1080
-4192
-3141
3986
3401
-3894
2003
360
-1691
2746
-3918
-1822
-4941
430
3572
-1051
1028
-2837
4282
-4569
-1484
-4207
-2521
4800
260
-1668
-2514
4417
1968
-2095
2322
2274
-2357
-860
-2660
-4715
1340
1922
3760
377
2016
918
3811
-2360
2341
2261
-2899
3016
-2257
-644
-158
-2141
-1635
-2627
-214
-3296
-1534
-3689
-66
187
-4279
-2641
2929
4208
-3576
2647
4172
4794
-442
-939
3142
3486
-3485
3302
1430
4782
-180
4134
-3316
1554
4486
-3289
-760
1620
4455
-3788
3900
-1811
456
4039
3534
-299
-4432
-2194
-3429
-1254
-1098
4694
3150
-1457
-2320
985
3079
2419
-4760
-1273
-4636
2011
-122
-2207
2038
-1628
-3541
2191
1288
-404
-2439
3988
1192
-4264
2541
3079
-2272
4058
-1502
-4978
-178
-1089
1121
73
-329
248
-3190
-2464
-1029
1687
2528
-802
-3922
-1840
2968
159
1979
-1683
-2371
-62
-3559
-2179
217
2714
713
-4007
2714
-1
4677
1683
3235
-4577
2072
-3157
-1874
-2024
2982
3770
2304
971
4323
1629
-3799
3646
-1463
2607
1771
-321
-4036
2835
-2935
-1607
-770
-3664
-4845
-3939
3342
2444
-3094
-3165
697
-4155
2682
1775
-1198
2948
2921
-3778
-2110
4775
-1822
1122
-536
-4700
4595
-3093
-3984
1245
-4760
1665
2793
-2367
2281
3550
2534
-2533
3429
-4052
31
-3373
2173
400
-219
-893
-3894
4370
-2005
3471
3536
2282
-1233
3062
-1288
-4629
3839
-1041
-2088
1909
2622
-4018
-669
-919
-1618
-4102
4890
-2615
345
-3804
1244
-1686
1433
-4644
-3575
577
-4274
2170
-4514
-4739
2604
-2898
4648
3720
-943
1818
1037
-2872
3213
-480
2671
-2904
433
-1563
-17
4154
242
1993
-3560
-1614
2793
-3594
4569
2592
3533
3988
1380
-4333
-1808
4992
3098
4012
4446
-3686
-3089
-2279
2930
-4279
-3714
1854
124
-1599
-1358
-2957
-3507
-4264
-1499
1205
-4955
-2423
2710
2079
2114
3325
3290
-4944
2535
-3915
-2358
-1407
616
-3316
4200
3683
2136
-3216
-3758
4352
-2026
3908
-1908
-4364
-1793
4666
3198
-4718
1842
-1463
3975
-2889
3343
-2227
1342
2937
1636
3187
3967
2785
1469
2667
-722
-383
2607
-1099
299
2742
-4921
-364
3862
-4531
-1471
-1087
-1614
4348
4053
353
3123
-4381
-1011
924
-3295
-1352
1614
3365
4917
36
-4086
864
1091
-3621
382
-4435
1094
-3821
4681
1198
-764
-483
-1981
-2749
667
4469
435
4745
-3467
2157
-1926
1072
-2363
-2662
-2775
-4831
4689
4821
-541
4156
-325
-1140
1687
1019
3378
2176
3639
1791
-4246
2675
-3277
-4905
-3114
-1651
-3728
-2557
3542
-2244
2777
2244
2450
3933
3157
1670
1330
4599
-861
-3208
-1926
-1386
-1328
-4683
557
-243
4675
1539
96
26
-1524
-3403
1763
2123
1906
4623
320
3668
-3546
2690
1270
-2695
-715
-2757
3446
1185
-2992
-2425
-4111
-849
3766
2411
1832
-4532
-2481
-4372
1508
-1746
2228
-226
-571
-3988
403
-2408
-549
2122
-2039
374
3249
3632
-3659
-1268
-417
-1761
4997
-2915
746
3545
-4731
869
-1312
4995
-3558
-327
4133
4186
-3044
153
-3398
2588
1614
1136