-3473
-1306
-2520
801
62
1631
2416
3886
3543
-4004
-96
4798
4585
3422
-4980
-2171
-2941
-4350
2319
-497
707
3005
898
3332
-2851
-4933
2590
3319
4269
4757
-1600
3993
-2534
-2101
3102
3420
3527
-1129
4820
4237
4499
-557
-4132
-570
3097
-1203
-3169
4718
-2223
2775
4179
-1513
-8
-3544
2145
2233
3920
-3007
3864
-3720
-3882
3188
-4205
1610
-2887
-1274
-3196
3100
-2937
-2826
3389
-1261
309
3356
671
-390
106
-3751
757
-4759
474
3861
3670
2229
454
-4283
105
-3295
-1542
-89
717
-532
-3922
-843
1074
1514
-163
4717
957
4770
-800
161
-3731
-2420
2979
1822
-2839
-4007
4759
-851
658
-540
-265
-3916
1782
3026
2306
-689
1076
-2343
-2664
-3848
2513
26
-78
3067
2130
-1005
1719
1822
-296
-4555
3683
3416
-2611
4830
-989
3748
-647
1453
-122
-2679
4756
-1776
-3119
3231
-4627
331
627
3557
1296
3881
252
208
-2681
3225
223
-504
-1605
174
3497
-2514
4098
-181
1993
-2699
4948
-2212
-1735
-1379
-1863
-1959
4347
-4791
1008
-1964
-2514
2237
1823
-1163
2209
865
-4007
483
-1053
-62
3623
4879
2615
-64
1092
-4616
994
1180
-4533
-719
3166
-2674
2073
4042
357
463
3440
4387
1142
-92
-2075
2844
3931
2921
-2607
823
-956
4847
4665
4194
-3325
2813
3781
2888
-2153
1369
-1597
2428
1695
-981
-4484
-2729
4743
2817
3129
-1825
-245
4739
-70
4274
4203
3845
-2659
4397
-1198
-184
-1374
2386
2140
-1496
-732
-3871
1551
4262
-2376
1898
2074
-2856
-880
279
-4912
2054
-3613
-604
4842
-3329
-1499
-2481
4422
4948
-551
-4140
1694
1428
-2171
-461
-1817
-4150
3993
1007
-2580
2995
3475
-2463
2562
3761
-3113
3759
4449
1489
-1598
-1794
-2034
3287
4119
2905
1886
-325
-3114
-2290
-4913
4070
-1763
-3876
-3959
815
-4061
237
498
-640
-3129
3010
-1972
3370
-2921
377
-1630
-4036
-1399
597
1267
-2259
652
3996
2484
-138
-1429
893
-1623
-4284
2510
-2246
-237
-2886
986
4440
3047
227
-2340
2970
-2830
-762
4241
-3505
4395
-3237
-2369
-1866
3170
-4646
-2376
-1899
-653
1781
-4295
-533
1724
-1844
4898
-768
2471
-2787
1408
-494
3787
1199
4043
86
3777
3357
3362
-4323
-3595
3245
2242
2918
1206
1109
4016
-578
47
227
3994
3435
-1439
2619
-720
-860
-1845
1995
67
-1477
3502
-1913
-4265
-1426
-1102
3296
1073
628
-1220
3044
-912
2622
-2633
-4093
2616
3185
4899
-1305
1928
-757
-2924
-2138
-2404
-4372
2146
-1103
1998
1671
-3203
1872
-2394
-2054
-2380
3628
4230
1620
45
-4976
-1878
-4602
-3503
1618
300
3015
4312
-100
-4614
617
4722
-2274
3748
-131
1194
-1277
-1532
-1982
-684
-1923
-3007
2955
-3755
3165
4345
95
1344
-2090
1234
843
1471
977
4009
1586
-1838
2675
-2966
753
600
2373
-4980
4570
3582
-3620
2887
3674
1210
3779
3828
2536
3838
2879
320
379
882
792
-4309
-1867
4175
4364
-2532
2264
-3250
3291
1978
-1000
-1789
-4169
2416
-3305
3020
-82
1375
3512
3691
-4294
-4793
-1525
2680
2600
404
1146
-2901
-648
-802
-65
-949
1986
-2195
3106
4579
-1659
-838
1712
-4333
-2191
-4028
566
-3662
-2779
-985
-4654
-302
753
-2568
2344
4629
-144
7
1712
-4952
4500
2816
-4690
-1579
4366
4055
232
33
-1294
-4615
3250
4105
-526
278
437
-3608
3291
1328
4830
-3003
3746
-4751
2824
-2752
-2494
-1474
2769
9
3424
-4083
3138
1639
4678
-3004
-3077
-2064
-1349
621
2258
3927
-868
-4911
3366
4062
-698
-1320
-784
-1621
3862
4363
306
-1528
1785
2435
-1443
2008
2295
-4608
647
-4668
3062
1758
-1175
285
-3938
-3324
4774
2335
-1931
-646
-1876
1772
-1515
-4045
-4147
4701
2459
-548
4248
650
-884
4438
-1383
-4307
-3966
3864
721
-934
-3314
-2318
2916
3347
-1814
-4541
3214
-1300
-3432
1783
3607
-1524
3327
-855
-1891
780
-718
-3833
-397
3925
4479
-3112
4847
84
298
-3289
4898
-2135
-1824
795
248
-4432
-525
-270
2908
-1812
3037
-1569
2411
-1634
-2182
-4642
-2286
4403
-1893
-1794
4356
-2378
4831
2391
-2430
4595
1610
-3525
3730
4498
1092
-3780
3591
1945
-514
-3162
3827
1739
4008
-4644
2117
3583
-2195
-2245
4393
-3810
4029
3241
4561
-4687
-3684
-465
4779
207
-2792
3398
-295
-2327
1652
-190
3718
-4516
3103
1387
-4444
-3591
-1753
3904
1276
-2688
-133
1724
-741
2996
2412
2559
-777
3376
-2939
868
-2275
4092
36
-1252
4062
3126
-4793
1528
1267
-88
-1181
583
-1837
-2400
-1479
4064
-4120
-1625
4939
-787
4674
4488
3583
3292
-1542
-3032
4446
1934
4273
4245
-801
2825
-589
-976
4677
4983
2059
21
-3670
-3523
-2850
342
3689
-845
-3055
-1430
-4100
-2667
-4392
1444
-140
-2846
1049
-4091
2020
-1751
-4000
-2511
805
4714
3460
3875
-2167
1934
-1077
-4350
-1827
-3131
3855
3982
-1871
-2378
4766
2905
3566
4070
4340
-2663
2777
-4008
-3509
3875
-3695
-4755
4155
-3378
4933
-2832
1557
1456
1645
1686
713
-1285
-3378
3985
3447
4596
3422
3762
4013
1183
-1031
2268
-4697
1496
3678
2319
-889
-423
-1651
-2200
-3993
-4393
1737
-725
4582
-4999
2111
-631
-3155
-1065
4599
104
-1552
-2327
2873
-1073
-1253
655
-2753
252
489
-3243
1873
-96
731
-2388
2754
2908
1715
-4296
-227
-1140
3902
-768
-3736
725
693
-2195
197
4996
3923
-4704
4375
-1813
610
3141
-4818
3572
4063
2763
1391
4009
4293
3718
4162
-1204
-1310
-349
3319
4203
2024
4226
1800
4513
975
2275
-1122
-2531
-1384
375
-580
3423
1231
2479
3847
-2440
3543
1695
-4478
-2256
-252
3166
765
-3103
-1095
-4000
-3800
4067
1500
4551
-4188
-3921
2409
-3018
1703
-1164
-3559
1361
3614
1678
-2423
2823
-2104
-2382
-675
-2918
593
-3783
4921
-2827
801
-2155
2593
1423
-2901
1587
-183
2735
-950
-1797
-1978
-3503
-2375
-4915
1059
1471
2667
1527
3691
-2432
1722
-3127
3887
3547
2150
-1431
-2770
-4452
3219
4652
-1093
2919
-1818
-4005
-1272
-2112
1187
-4021
474
4887
-2668
1161
2722
-4592
317
1980
-4926