2270
1504
4102
894
1108
-2937
-786
-1116
-3057
2447
3813
-1076
-1652
-4264
-483
2990
-649
4074
4795
-3453
3201
3311
1029
375
2673
2980
1083
2856
-351
400
4959
3122
-1108
-828
3380
1480
-4769
-1924
-2782
-2074
2917
-2101
4729
245
2673
590
-237
-4179
3426
2722
-4471
-2069
-2733
-2163
-412
1449
3570
4036
3274
4726
504
4291
400
4878
4463
1696
-4158
-2912
1358
3000
3896
-2218
-1054
-1650
2597
-4056
-2389
-2945
-375
4665
1511
3089
3153
3694
-3256
30
-2531
4821
-1849
1096
1711
-2476
3430
-3225
968
-1259
2060
116
-1734
4788
3477
4652
-1433
1969
-3578
2318
-3798
330
3029
2227
1597
-4326
3150
655
-2161
1687
-4908
636
2257
2588
4344
802
-1411
-1868
805
3884
88
-3621
3420
-2363
-4198
-23
-2984
-4588
1462
-4013
-233
-4062
3376
-4508
-741
-3662
-1951
-3615
4869
-3247
2578
-2693
3355
-956
4756
214
185
3095
-3705
3597
4406
-697
2532
-673
2182
-4691
-2041
3812
-4032
3745
1457
-3297
-3080
2548
-3724
-12
-1774
1526
3366
-1931
-1594
-4384
151
-1760
4750
1654
-3549
-4369
2995
-3980
-2227
4079
2801
195
1203
152
4104
-1749
3767
1947
3462
-1258
4101
-977
-3791
3994
971
3182
-4264
1409
2584
67
-4573
-1436
676
4047
-2234
4827
-943
383
-2800
3581
1343
-1132
-581
-2799
3740
-1955
4485
-3442
3582
-3207
4052
-4227
-1322
-209
255
-843
-100
-2797
-1877
4596
4195
2642
-193
-183
-2428
-3123
-3363
3172
-2230
4524
-4034
-4709
2118
31
4225
1983
3367
-3776
1836
788
-4366
2219
-17
-3275
3548
363
4580
3121
1452
756
3752
1344
4449
-3481
-3556
-1521
4923
-129
3212
-4303
1993
1175
-4611
-3183
4646
3693
-2097
2263
-3257
2255
4179
-3683
-998
267
2500
612
3927
428
2943
4445
2847
2917
-2266
-3905
-3996
-3143
-3904
1449
3963
3944
4957
-4709
-1611
-2111
912
3014
468
-3916
3082
4384
466
-2836
4519
943
-1986
-1040
-2001
2016
2464
2679
392
-1362
-3217
365
2872
2149
3118
-954
4785
-3151
-329
4297
782
356
-1025
2120
4055
-3653
4139
-3958
1801
-1475
-4639
-2963
4030
-122
-3274
-1779
3502
1641
-926
2036
-2481
-1291
1116
-1172
682
3985
4119
469
58
4367
-2462
-1841
3802
-1538
-1348
1208
-2958
-2275
3317
707
3448
3260
-3332
-433
-4153
3554
1681
4245
-4081
2483
3528
752
2342
3248
-3415
-431
453
2124
817
1894
-2482
-4859
1462
-496
-113
644
2231
2994
997
27
1092
2778
1831
-4975
4951
-2082
-2922
1247
779
97
734
-3327
-4048
3646
4634
-466
-4610
4564
2927
-3589
3712
-3428
4798
-4907
618
433
4312
-3968
-3245
-1789
-1034
-583
-778
-3780
-4100
1854
-1134
4436
-4749
2998
1811
-4310
306
-1227
-872
-1349
1437
-4660
-3139
-609
-4959
880
-459
-1107
-1562
-903
303
-1262
-3701
-4735
3931
2431
3905
3941
-1283
-2464
-4745
2378
-3253
3946
3253
-938
-3244
1202
1143
1285
1305
-4315
-2177
4982
-1273
-2639
-4107
4021
-1538
-516
1977
3126
4770
94
3973
1849
48
3764
-742
-4804
3038
-4861
-3049
-409
-4622
2800
-2390
-4510
4450
-1909
538
222
-4878
-1780
-4295
-4714
4924
4054
2049
-2087
2382
2039
-1755
-4499
632
4692
-1001
-4246
-2760
-3927
2768
-2664
1454
-3246
1964
-1743
1377
-3857
4489
-967
4670
-4535
-3214
-4531
4541
-2585
-2040
-3572
3359
1895
2070
3164
3608
3172
3894
-2675
-3146
3388
-1827
3735
-4137
-1266
2637
-923
-2979
-3721
2677
-1692
-3798
-3838
298
-395
-4112
2945
4073
3557
2698
-2682
-1354
-1067
-4043
-2226
-2346
-1183
4946
2578
4779
3006
3479
-42
1551
1540
-1500
-2984
3087
-4321
4040
4685
-406
4878
3952
1197
-2959
-2073
-3587
1157
1440
3684
2137
-2558
3046
1749
-881
-3965
586
4507
1317
-2615
3320
-256
2724
-249
3358
4451
-222
-316
4935
-2682
1202
939
-471
-4836
3896
4724
1575
4184
3266
-2082
1601
3133
3050
226
-3346
-2645
-4165
-3234
2089
4971
-488
-1309
-2897
-951
4796
-1956
-54
4526
-4332
-1680
3518
-4995
38
2470
3499
-1663
3762
-4328
-797
3003
2904
2617
3656
3694
-4150
2408
-209
4196
4790
-583
1356
-363
-3756
4710
2995
-631
1111
3137
1497
1032
1717
-970
3774
3294
2883
1364
4385
4553
3163
-1361
2658
-2163
3596
1148
3627
1937
-702
580
4395
1537
-133
-1075
-4906
1650
-1610
3271
-2855
1698
4231
639
-4861
1779
-4879
-23
3239
185
-3949
4262
-2969
-3411
-2931
-1265
-3164
-4826
4257
-3793
-3730
2636
-4323
3352
2760
2800
4984
-370
-2247
2458
-1416
4004
-3705
-1263
495
-1167
377
982
-2376
3856
1676
-1185
3277
-1722
-3256
3783
1984
4149
-1996
3887
765
3639
-3312
-1289
-838
-1844
-2510
1325
-947
-4578
-2908
726
-1887
3667
-784
2039
1289
412
-2004
-4240
-4712
-2556
-2669
-980
-3324
-439
1782
2944
-165
1471
1946
2870
-603
-4873
-1817
109
-4117
3689
4706
-2288
-3172
3789
-111
-2894
-4809
592
4381
2091
-529
-4865
-4275
-4899
-556
-2495
1992
3924
660
3186
-4666
4517
4716
4352
1352
1008
-3684
-949
-386
-2216
3812
-2012
-4041
-2983
-571
-4122
2579
-813
-375
3462
-2835
3827
-744
2328
1763
-2583
-2975
2899
2532
3277
99
1636
-4674
3780
-4645
3497
-1879
3324
-1475
-1196
3913
4216
-4550
-3223
4020
-4145
-883
778
148
-3501
2808
3061
755
-3575
-443
-1525
-3743
4369
3749
-783
-2354
4182
4892
-2061
-3577
-590
3385
-4385
-204
-4356
1857
-1809
896
-371
-638
799
4016
-3694
-4298
3401
-4001
3089
-3714
-4039
-4619
689
4785
-3183
-781
3373
-4706
-4846
1674
1731
4861
-1162
2299
-95
-2580
2545
2121
408
3715
3613
1563
4037
-4586
-1462
1387
-1038
693
3443
4710
-4843
4537
-1799
-31
-1870
594
4692
-4673
2738
-549
-4338
-2364
-686
-2826
662
-967
37
3308
-4116
3151
1520
343
2667
-2372
1705
-822
-595
3857
4578
-4909
3389
4367
-2602
2571
-1778
45
-2337
529
4269
1858
-63
3206
-4649
-2506
-229
-4440
698
2419
680
3483
3919
2395
-3885
-1743
136
-881
2995
-2714
2676