2558
-4729
1064
-3594
-3802
1900
-2173
4905
-138
3771
-4049
-2208
-3408
2846
1568
-2929
-3447
-2230
772
206
-1383
-367
3032
488
-2767
648
4397
-2968
-2839
-1918
3294
445
15
-4077
-844
-678
-987
-4948
4331
2989
-4963
1836
-1075
-722
-3301
-2657
3720
2858
2776
514
4403
1054
1069
4403
64
-3624
-4444
-1775
-1168
1940
-2200
-834
3493
-2782
-3904
2423
-4461
1161
3224
-4382
-2327
-1139
-2608
3340
-2414
1746
1503
3596
-4736
965
3163
-729
3586
3306
3292
-2941
-4602
-1120
2610
4967
-449
4566
3771
-4922
315
-4273
-2677
-40
4101
-2950
-160
-4141
-1824
2898
2272
2210
-452
3686
-1822
2506
2727
4153
224
-1741
-2674
4421
-122
-2884
1199
1386
781
4102
3307
-419
-4937
-1401
4351
-3367
1958
-3326
4242
1648
-2243
1062
1127
-520
2982
-2811
-369
-2380
-2800
-4506
876
2619
182
-3132
-2020
-288
3169
-4588
1768
595
138
524
-3433
-30
4373
2404
-4893
1112
-2335
-2389
173
4742
4526
4018
-3661
689
-4517
3910
-4761
2896
1729
-1850
-764
3181
4490
-1270
3338
2171
1455
384
-1448
-872
4033
-2589
3477
-448
-4644
-2032
-3136
969
1790
3517
3255
-1866
-4095
4053
-1089
1723
-2926
2641
-2749
-996
3425
3237
-4672
-791
-2034
2473
-470
-4462
-2618
415
3417
960
-1694
2214
2474
-807
1798
4991
3776
-30
-4818
-4650
-1289
-426
-3936
4982
-426
1042
2515
511
2998
3297
3654
-115
-3726
2076
-4700
-1905
-2755
-4330
-4152
-218
-3933
-4866
4755
4217
4303
1328
-359
4959
-4887
-1128
-1933
4281
-2774
-2528
1593
2010
-4953
1554
1310
1367
-16
391
-1377
2714
3725
2376
-4235
-320
2218
-52
4373
-1132
2300
-4231
2782
4562
4375
-2078
4553
1274
-1469
-2375
-4937
-3606
1689
-599
-95
-3170
4917
-3266
-1273
-287
3369
4485
4997
-527
3636
-1198
-3358
-1267
2375
4172
3749
1954
2945
2996
4186
-2944
-1311
-3357
-405
4238
-3485
4165
-2066
-4424
4224
21
-2651
-1827
2702
-4170
2551
3891
-256
2428
-1304
2839
-717
3377
2956
-46
-2561
1974
-4316
-3999
-2944
2715
4551
246
-1295
4756
3055
-3530
-11
-3474
-4588
4076
-2579
3044
3708
-801
-2353
-4377
-3166
2382
-3320
-3353
-4746
1707
-921
-4488
-1972
4981
-1391
3115
3123
-4333
-2363
-3387
-3257
4374
-3770
3062
2572
4183
2857
-3585
3372
-3629
-4482
-1300
-158
-2224
-1534
-1440
-2446
1553
3450
3430
182
-2719
4954
2270
-885
4864
-3542
2915
-3569
123
915
4522
-705
-2201
-2859
1824
-1883
-3103
-3186
-2565
-2145
-4901
1547
3083
-2297
3808
2712
-2914
722
4962
-2736
-1815
-1597
-1665
-2098
-4946
-4677
-2378
-180
2500
-420
1757
-4046
-757
-1409
-1981
4102
-3085
4881
-1953
3654
-4141
3658
486
-2561
3580
4559
4002
-4308
2451
933
1718
615
4535
-1545
-1054
1045
3449
2648
-3427
1733
933
-4068
-2056
-1886
4801
100
484
1740
-2594
-2115
-2401
371
3043
4129
1902
-1622
-1605
-4063
-2256
-2744
-2536
-3822
-3420
2635
4940
766
1732
1815
-3218
4913
1823
-1488
1579
3017
-4925
-750
283
-3740
-2449
3726
4478
1136
-414
-3267
-4858
-4373
3882
-307
-3598
2122
-3553
-3404
3514
1575
-3476
3231
-3215
-2973
-1169
1764
2314
-3848
-3112
-3155
-2961
-3651
3206
2848
-2023
4291
1867
-4822
2658
-174
1694
711
2499
-86
742
-4555
-3340
3183
-3086
-3479
3799
-998
2397
2869
2694
-434
-1809
-3497
3954
1472
-1111
-3876
-3350
1018
-4788
-3172
4542
3399
-2956
4283
908
3773
4638
592
3749
445
3991
-4335
-473
-133
227
446
3281
-2134
-4030
4841
2582
-959
3150
4868
-3543
2454
55
-854
4051
610
-4042
495
-3562
-124
3478
799
-2324
-3435
658
2172
-2297
-4125
1513
149
143
2362
1239
-2050
-317
-2340
-3517
-3463
-4041
3046
-3052
2485
-4109
730
2517
-3707
-3479
2558
-3583
-2604
4023
285
-1257
3676
968
-2476
-56
-1508
1751
7
2537
3687
-268
-3266
3425
1597
-2567
4700
-1762
-4849
-828
-2643
-769
4151
-22
-3079
1900
1630
2256
-17
4590
-4339
-631
-2908
2302
-3734
-2551
4068
1066
1483
-3634
-4354
3001
4502
-3252
-1297
1049
821
-3761
-2372
4777
-2754
2938
2836
1570
-3833
-4977
-3416
-4694
2526
-4961
3861
2905
-2474
3071
1828
4800
1277
-4032
-627
-4679
2267
-1959
960
4136
1529
-4534
4920
-4117
-2116
2978
-2300
4795
971
-2859
3387
-232
618
-677
4058
-356
-923
-1384
4529
3235
3890
-4873
3892
2096
-2911
1856
-1729
3489
-3378
1490
-745
2408
3151
-4021
-1442
364
-2734
3065
2644
-3359
3701
2610
4237
-2562
1085
-4258
309
2311
-2843
3647
-801
-3398
-4000
2197
351
1503
1548
-1357
-836
-4329
-4575
-1048
-701
-1120
32
-4391
897
-3962
4591
4996
-3798
-2945
3699
4420
-4495
-1187
-3
-3722
-1361
260
-4936
1448
2011
-3755
1097
4478
4164
-1142
1279
-2290
1868
3435
4109
-2612
-265
-4956
-4642
-2076
-730
-3328
-1775
2363
-2110
4097
-3495
4461
-383
1464
-4430
-3761
3680
4340
1361
-387
-341
1902
3620
405
4496
2045
3524
4209
4273
2407
-2050
-1927
96
-3312
4377
-3902
766
4878
4941
-351
2951
1136
-4191
-4523
-3251
-3242
3653
-4094
-1116
510
-1276
4335
-1598
3010
-3628
276
-74
3713
1652
-1085
-448
-3707
3126
-30
2149
2740
3786
2001
2023
4357
-4504
-4118
-3185
-692
1233
-2292
-3247
-663
703
-4260
4142
2286
1479
-816
-902
-3399
-2584
3715
-1446
-1199
2934
2754
-2299
-4260
2048
4940
3131
-4931
-2884
-883
4283
2297
2192
409
4883
-2777
-2624
203
-2351
-3875
-3922
-709
1123
-3776
-3303
-1133
-2676
2528
4585
4812
92
1533
640
1126
1379
2070
-3074
4626
3190
1638
2173
3823
-4785
3032
814
3690
-1725
4613
1947
-2154
-1761
-4448
4529
-1897
-842
-1775
-3619
3140
-111
0
-2933
3146
-2924
2394
2109
160
751
1583
-2313
3674
1918
-407
4598
3971
-4116
-14
4227
2898
585
4082
4333
3876
-4242
4698
-3533
-1256
2820
2994
-4887
2259
656
490
2512
-2538
4865
-3868
-785
3748
4702
-1809
-1705
-536
-2250
801
4742
4850
2875
-3861
4275
-4672