825
3367
-750
-1079
-2356
3260
-1557
3918
-2470
1170
3146
1649
-4537
1395
-4712
-3028
4745
1794
3661
-2316
1498
4471
1318
3621
-327
673
4268
-1662
-4482
-2960
-1852
2372
2359
-3337
1675
3241
4031
-988
-573
-1927
612
4689
-1310
-455
748
-4404
-1333
2925
-953
-3082
3377
840
-4133
4107
2581
-2828
2148
-3891
-1727
-4704
-3234
-3218
261
1246
1467
66
4975
-3682
-7
-3086
1757
-411
-3326
788
807
669
-4428
-2913
-3744
781
-1159
2576
-617
1148
2671
1015
-3175
2105
-538
1751
-3534
-3915
4599
2532
-4409
-3632
-2960
-402
2440
-259
707
3293
3401
1838
-457
-4461
-3822
-4161
2851
2209
1486
-77
4536
1041
3386
-3460
-818
122
1678
-3911
-4122
-3212
2128
3571
2701
4038
-3087
-1901
-2921
-2221
3529
2793
-3150
-4518
772
-3773
4357
2653
2369
-2320
-2539
-417
766
2079
-4654
-1307
-1040
-3927
-4757
-4074
-3908
1578
2871
1934
-2480
2364
-856
255
-1722
-1798
-2562
4906
34
284
-3461
1292
1194
1580
3586
3036
2217
-456
375
-2397
3085
-3306
-3946
343
3458
-4318
-2383
736
-441
-4136
-2375
-1536
367
-1548
-3730
2280
4771
1935
-3320
-2465
841
3015
4090
-2577
-1398
-4911
-3456
-2127
-4272
3404
242
2736
-2654
-1232
1998
81
4228
4648
-4408
-2586
3697
-108
2436
-820
211
-4522
1769
-707
3063
984
-2522
-1347
2100
-2014
-937
-1684
-4497
1267
4004
4015
-3303
3317
764
-2861
-3122
-4010
4067
859
4604
3735
-2975
2563
2667
-1222
-4299
-2689
1348
4265
2062
1061
-2038
-617
-4384
-379
258
1252
4232
-3468
817
841
-846
1916
-2084
-1508
4215
-1938
-303
-4224
-2923
1069
-1696
46
3362
1274
2199
3401
-4607
-1013
-1351
1171
3334
-260
3178
101
-750
4430
955
-2601
-4704
-4528
-951
2276
-4597
4195
3610
-2645
-2726
-3556
2414
4032
2839
-639
-2606
552
4614
-2699
-2200
1737
-3323
-4426
215
-4557
-2396
-2861
4742
-692
4165
2301
-1720
-2758
3658
-2609
-4038
-4698
-4834
-1663
-1433
-952
-2870
2291
3818
1253
635
-2357
-4486
-502
-2290
913
282
-523
2261
3844
-4214
1891
-673
2679
-600
-4173
1957
-4895
467
4033
-4149
754
1983
-4898
4562
639
-4041
4111
-4138
2818
4889
3592
-13
-1051
-1510
3330
2171
4020
-1481
-2158
-839
-4396
2342
-2026
4457
803
673
-4789
-2689
4762
-3097
-1774
-2477
2424
340
4420
2032
-464
1838
-2231
3374
4542
-3893
3410
2152
3703
4405
2972
463
4547
-1247
4867
-1544
1659
3449
4942
-1146
-775
-2437
431
1645
-4874
-3790
-1894
-485
-4588
-4541
-1331
-2381
-3946
758
3582
-287
-1012
3689
-1049
-2596
1225
-932
-4109
-1910
-3413
761
-595
-2389
-2979
-939
-961
4323
-4355
-638
-1180
932
4550
3834
-1393
4229
-4958
-1179
-3134
-4997
3539
-3050
2793
-3623
4946
-226
1651
4464
-4893
-1777
-2079
308
4126
-1462
251
2600
-4509
-3168
726
4165
69
4386
-2952
-3474
220
4792
-4266
-4056
-2158
2952
-197
-3291
-2153
-523
3690
2446
-154
3439
1617
-4787
4695
-1493
-515
-4774
-2594
660
3371
1107
-2753
4014
3544
4813
3346
-4762
-4541
-3998
-2695
3447
4115
1134
3515
-3060
863
-1532
-4078
-4193
2935
-4099
228
-4835
3214
-4715
3887
-4858
-3271
-4049
-2333
-4724
-2327
1354
2720
320
-2537
-2195
1661
-3477
3089
1811
1979
-366
1257
4775
1038
-1365
-4698
4151
2397
1893
-4696
2596
1032
1495
-753
4295
-2335
2804
949
2128
1275
4103
-3716
-2026
2014
1241
895
-4945
3440
2228
-2025
1277
476
-3116
3984
1165
2429
1183
-3627
237
624
2668
3104
-4777
4448
1573
-701
2798
2172
3220
4224
-3483
-401
2455
-2437
4240
-618
2427
2743
-3893
-3776
-902
-1063
1181
256
2052
1559
3373
-1445
-1887
2812
-4518
2344
2582
-4545
-1333
-3268
3855
1345
1717
115
-4972
-3060
3253
-297
-2606
4778
3435
-3053
258
-2683
1536
1232
-3789
3528
247
2721
-3704
1033
-2199
1089
-4824
3418
-2242
4996
2129
-337
-2266
-1837
2789
-4351
4736
438
1050
-4543
1946
-2898
4123
-2165
3238
-3544
1794
2007
469
-1916
4076
-1727
3707
3371
-1345
-312
1838
-3771
4809
-2949
-4013
-569
1363
-4485
4426
-4917
2749
-1006
1209
1822
-2879
-3713
4793
-1200
4822
-3644
-3928
-169
2054
-627
630
-1972
-4345
-867
86
-2065
-4882
3590
1685
1112
-2585
3176
3033
3611
-3307
-3792
-1400
-2429
1817
4130
2573
-4444
-512
-2660
-3795
-857
4641
-761
3879
-1209
-1622
3307
-3379
-2288
-1558
-2123
-2098
-4506
201
3276
2199
-612
-2170
-4518
-3633
-2347
1251
-1807
4991
-864
-422
2371
4666
184
795
1943
-1809
-1835
3765
-2827
278
3321
-595
3411
1655
-4946
-2306
-3576
-3517
2829
-2275
-81
4357
2405
-1192
3585
3096
1333
3288
-1885
4328
370
-3999
-758
-3956
-2022
4089
-1887
-3762
4241
-2038
-3601
-3213
-2518
-1961
435
898
-246
3952
-1264
-3127
-866
1633
2562
3901
1662
2705
2804
2726
-3158
-2439
-4482
2228
4474
-172
3329
-2867
2610
939
3512
803
-586
-4741
-2026
4536
-2307
4803
2958
-3357
4198
-1881
3158
-2091
3482
-3282
2365
2571
2487
-36
4527
-1289
-3819
3963
4074
1291
4343
-1307
4158
4983
2185
1378
538
2337
-3957
3053
2473
2342
1982
2297
3792
3523
-1072
968
4691
4074
-2964
4375
406
-2663
-293
1517
-1164
4992
1556
543
194
-3986
-2763
-354
-1914
3727
-2282
3310
-3019
-2939
-2603
2470
-2382
4066
-4626
423
-2196
4052
-286
3695
-2106
1897
2172
3238
43
-2115
-1795
666
2163
3730
4973
-4050
-3019
-2847
1959
-634
-2719
-986
4843
-3212
-4444
493
-781
-4769
4228
-1674
-128
2438
-4790
4039
470
3491
-2455
1166
-3708
3652
-3437
2280
-870
4673
-320
-1394
1420
-188
-1804
-4154
2548
3847
-3773
-499
-2341
2020
195
-828
3402
4468
1704
4389
4860
-3494
-445
1766
-3782
-3415
-4905
2525
4076
3388
2210
-637
1466
-1486
-2569
-4793
3277
-1727
4824
1256
-28
3545
215
-4944
1055
-4429
1798
-11
-2399
4875
2335
-1936
4478
3996
2916
4392
-1608
-4995
3820
4166
4969
-2269
4000
195
3102
4813
-4853