4386
-4248
1499
-1282
-1046
1477
-1276
1606
44
1954
2768
-2374
-2078
-702
2541
2421
-4732
2511
962
-1637
-2629
1453
3283
4686
598
4196
2424
838
-4784
-1451
4188
-2923
-3627
-4491
4454
-2468
-987
-4812
-2122
4292
1369
1035
3076
2093
-4018
295
-1989
-1980
1867
-1844
-1919
-2715
-2772
-461
-1605
2137
-481
2893
-4169
-4366
4529
4053
3686
443
2387
-831
-1441
-1680
-1689
5
-1984
-1136
4109
-3387
-727
-4377
802
2653
3767
-3113
-4925
-4787
-2051
-312
82
-2028
-4874
1776
-1262
3294
3718
795
2224
2289
-3586
-2814
3351
-2624
-4658
-3248
-2773
-4530
-3790
-4870
-2769
2431
-4772
-2889
-181
290
4574
1251
-1668
-624
57
754
1519
3776
4029
562
-3260
4020
-3128
3060
4626
-4838
-4149
-677
2415
2495
1911
4460
-1204
3114
2213
1446
4866
4922
4465
4876
4115
431
1361
1988
1593
-4595
-1528
-4807
581
-497
-3920
3122
-2740
476
3435
3714
4758
-1840
4366
4181
2481
4120
-4091
4153
4986
1168
-2711
-2650
1497
-4027
2309
-2361
-2253
4095
-1260
4860
-3448
3696
1897
1638
-1913
-1607
4558
-1664
-2489
4691
3974
4359
126
-2545
-3248
-4481
-4769
3477
-1894
-4219
4483
2659
-3567
-3618
-3203
-4672
1187
-893
-731
-4979
341
4460
4564
1312
-971
3941
-918
3109
-2838
1746
4237
-209
4324
3689
995
-2303
1384
4380
4132
-945
-357
1089
-545
-1230
-903
524
177
-2030
4947
176
-1854
4059
2693
1095
4478
-672
4531
57
2743
1615
3567
3376
1978
-4817
2665
1707
1702
-1978
-3599
-3413
-3809
2304
3588
-2739
1151
598
-1463
-3639
-3208
-1508
1439
-2476
-3355
137
-1694
-716
-457
2584
-3904
4436
1565
-1642
3265
182
-377
-104
4526
4516
732
-4601
1775
2658
-3065
2795
2237
-3503
3490
-4798
4668
2452
2807
1606
-3745
1177
-2050
-3117
1996
-3317
-4925
-1628
-3536
3438
2648
2565
-777
-30
-1814
695
804
3781
2386
-1633
-4144
-4194
-4736
375
1216
-2697
3113
-3993
-1403
-1583
4656
-120
-3088
2280
-420
466
1345
-2820
126
4396
-150
-1976
-3051
2884
1609
-3581
2074
-2589
-1427
-4250
2906
-596
315
-510
-894
-4261
-2602
381
-646
-2194
-922
-4980
-2243
-777
-2173
-159
1458
-39
-719
-979
-4956
957
4468
-2777
3459
4332
-811
4862
836
4866
-881
1923
4696
-3961
-1118
-2897
-1026
4012
-2953
-4305
-4563
1885
3461
1071
-4905
2345
2024
-603
1990
-3747
1075
-298
602
-2055
3630
-4385
-1896
-4891
294
-3855
-1599
-2457
-1375
-1850
1552
172
-3883
-2878
-209
2151
-260
3118
-4126
2542
4654
3897
-3672
-3399
3457
2841
4094
1336
1545
1941
-511
3916
-1111
621
2071
-4024
2435
-2597
-268
-470
3973
-1503
832
-4367
1958
1377
-2997
-608
-3618
903
2669
4126
4293
-2860
-1524
656
-2345
-422
-340
-2143
-615
2256
3385
-1325
-3992
3611
951
1369
4623
1168
-3506
-1345
4004
3804
-2334
-3850
-534
-1157
-225
-3265
1619
-97
2242
-4603
-2092
-3851
1364
2936
-4213
1677
4398
3664
-877
-2527
4039
-1361
2593
-4233
1129
4598
-2663
-4145
-692
1011
-2150
1426
-2225
-1896
-898
335
1102
4926
-3940
-1022
-2374
1488
911
1660
-3249
-3983
101
4842
1471
-20
4279
3699
-4748
3027
2281
4887
-1147
-694
-4633
3121
-1317
2044
-3433
2064
-4728
-637
-3580
-2621
-3004
358
2043
-2355
-854
-3519
-578
-4614
856
-4042
-1148
1312
2576
-1546
71
-2842
-4130
2210
-391
2330
-3437
-3329
-2132
3764
-2236
-1822
1576
-1486
-3105
31
75
-3184
-370
-3416
-1701
907
-3010
-1665
-957
-1156
-4387
-3616
4661
2924
2564
-2108
-4476
-1135
1740
-878
-1715
-3743
604
-896
-1970
437
4770
3850
4283
-1392
-349
-659
-3677
2965
-1725
-2451
4649
1514
-1914
4519
-4940
2295
466
179
-3786
-1890
-3243
-4677
4527
-2190
-3392
3755
-2115
196
-4656
-689
994
-2783
3864
3592
-3882
4319
-1775
-3774
-4568
4689
2874
4646
-2080
3618
-3494
1691
-4043
1734
-2902
46
3939
-1377
4383
2074
-2277
3425
-4321
3297
-4185
2943
2969
-2876
2269
3616
-1073
-471
2833
-211
4156
143
2408
1976
-2776
-1049
-3174
-1714
-2754
3640
-4073
3627
3213
4807
-4115
-1213
-514
4954
-3872
37
2101
-1489
3232
-2905
-878
2421
915
-1858
3542
1849
143
-2803
2948
4126
-3813
1652
-802
2397
-4558
-3839
-4131
1416
-3137
8
1415
-2281
2377
10
4792
819
-3818
-4894
-140
238
-2983
4045
-3296
307
883
-744
881
-796
1549
3014
2123
-2344
2112
-1575
2244
-1564
-1895
-1028
1642
831
-914
2681
-2278
-2332
4016
-4428
4777
-1341
1041
4495
-1078
4178
833
-4796
-2527
-425
4235
2293
3914
4081
-3364
4503
234
1982
-2271
-255
1433
-1546
-4384
-3355
-4463
-3347
-4386
4153
327
-4749
-3466
3478
-3512
1077
2430
-899
-1753
4495
-2414
4059
-3555
-3460
4362
319
4528
3668
3853
4771
-1548
-4386
-2368
2411
4264
-1187
1102
-260
4160
3620
2112
-397
-4318
-2261
-72
-770
-497
4856
-4231
1899
-161
-3023
4136
3794
-1927
1790
-2644
4725
1111
-3389
2792
4891
1315
-2082
-2245
1720
-4858
-4839
2113
-3337
-1642
-4054
-3821
1729
-2082
-3333
2503
-2380
-747
1677
1844
3904
-4234
-4692
-2611
-437
-2730
-2468
1512
3580
-2081
1625
-1612
-1708
2055
2506
3281
-667
-3656
-4560
3550
3030
-3939
-2927
-806
4900
-765
-2529
4664
2996
3392
4105
-3072
0
364
-2849
3651
4521
4218
-3024
744
-1296
1372
2434
4829
2163
-2158
-1354
-264
-2953
681
2698
1558
-2312
3736
-3384
4952
4647
1072
-1596
-545
4262
2825
1871
-3380
-4816
881
3599
-3347
138
-920
335
570
-2657
1
-1308
-4615
1186
676
-3885
-3253
-913
-2472
3398
3409
2685
1317
-3848
1564
1982
3310
1082
4234
-4903
-3594
521
-2312
2517
-4423
-774
-643
-1838
3137
-709
-951
4547
-3440
3275
-922
-1598
4059
3378
-4379
-769
3101
-1958
-2548
2459
-89
-2691
-4730
-3665
-3534
4788
-4009
-4906
4445
260
3506
2955
-4317
2390
1753
1246
2727
-2622
-527
-3366
-838
1884
-306
2523
-1083
1081
4078
-1049
2572
3433
3438
1506
4435
-304
-1169
-998