-2115
-2228
4351
2582
-3149
4427
-2751
-2441
4376
-127
826
-1256
-262
-2665
-1279
4920
-31
4525
-2356
1672
-454
-3128
-1753
-3313
710
-2569
1224
2548
3572
-600
-545
1278
-3300
1262
1193
942
-1224
241
4050
-30
-1283
-195
-2460
3276
3107
-2134
-1520
3731
-4681
-2393
317
-980
4549
4390
-1652
-3575
3152
-219
-4380
-4147
-3984
3656
-1568
-3655
-3633
-1859
146
-2495
-4017
3958
370
-223
2283
-1092
-1677
1323
814
85
4509
2268
-1127
-2905
-3794
-993
3200
4262
4205
1070
-4473
-2927
-3013
1561
3708
2511
-4144
-3301
-2373
-192
-1917
-2346
2515
1296
-3867
-4722
169
3163
-889
1067
2836
1694
636
3820
99
-291
1310
1793
-882
4008
326
3739
914
-42
1856
-1116
-4471
-1820
-3240
3394
-4706
-3635
-3475
-3538
-3782
-1669
-4592
28
2206
-760
-3355
-4433
458
-214
2033
-533
-3981
1985
-2236
-9
128
-1537
-4874
-3160
-2956
-4836
-1729
1322
3901
-4161
1764
2691
-3171
2171
2275
-1725
1032
1943
-1815
-2878
4557
2733
-4609
3390
-3985
-4032
1511
-1284
-2139
-2108
2689
-2473
-2106
2393
-4869
-4553
673
-2063
3273
-4620
-2603
-4609
1404
-3213
-881
1533
590
381
-4245
1028
-1450
662
-1172
-4191
3115
3685
4303
2884
439
2840
563
3730
-2888
4150
-1493
-2346
2705
-1071
559
438
2193
2971
-4424
1996
-2434
-1320
4304
-2050
3570
973
-4474
908
-1846
-1977
-1059
-2690
3957
738
-4403
-4412
4967
-857
-4465
4412
-1891
-3853
393
-2836
780
-2941
2016
-3197
-4
345
-3265
4099
-2710
1812
-3463
-2982
687
-1162
-214
2380
-1569
2509
-576
2586
4617
-1602
-1589
-4736
-2198
-1423
-739
4827
-1229
-1932
-3844
3862
-2811
-2246
-214
3318
-4949
-2835
1000
-2923
-2169
3275
2669
1557
3430
-1418
196
-470
-1602
175
3979
3739
34
-4513
4524
-819
2772
531
-1983
2666
1887
1685
1912
3688
3035
-540
-1363
-3313
442
1018
-3996
-2696
3460
-3127
2379
-543
2758
1827
195
3398
3465
-4021
4416
-4610
2757
3551
-438
-1808
3943
-1550
1778
-1054
408
-1047
-2194
1074
4778
3530
2044
2236
-2557
-92
-2492
-2154
3795
2050
-964
-3616
-1890
-2758
-3679
-2658
-3408
797
-292
-3627
-1491
1366
225
789
-3616
253
-1441
2003
-2203
4937
-672
-1216
-1298
2384
4450
-4905
-1950
-1905
277
-1017
-3193
1193
3655
4316
1903
3845
225
-1861
1571
1970
2074
-108
-4536
-4893
2115
764
-1347
-1747
1481
-3401
3213
-2762
2302
-2837
-2972
-4704
2357
-2732
2750
3769
4645
-2678
2090
-4204
-2269
-877
1829
3246
-1608
-690
-1763
-1743
-2412
1502
-3385
1647
-3245
-519
4368
4973
-409
-1434
-512
4490
3260
-3063
-1740
-3333
1592
-4151
-1988
-141
-1583
-1990
171
75
-3203
-4337
-3003
-1431
4290
-4806
-230
-3254
-684
350
3632
3581
618
-2267
2038
4175
-1976
-3180
-2700
-2722
4171
1502
1810
3838
-2632
-2113
4043
-2473
-3878
-4966
-206
-2119
4619
4812
-530
3168
2982
-3954
3964
-4805
4910
-938
-2116
114
3769
-3117
4095
-3755
-4963
118
1519
-537
3107
4005
-766
-106
852
537
18
777
-2094
-3927
4810
3483
3536
-1004
-2149
-2714
3662
4195
-1448
30
-4097
1253
-4084
-4394
1282
-2706
2621
2105
3931
1325
3187
-4092
-1504
4671
-4571
2039
2900
-1654
44
-3149
3255
3714
-3916
2132
-652
-4961
464
3603
-1972
-4326
-3286
-3934
-3615
-614
-2720
-290
-2453
-4442
-2337
3985
-695
-782
596
-3685
394
4015
-2199
-2608
1222
508
-1385
-2417
4593
3274
3860
-223
65
4969
3278
1350
456
2658
-3585
3904
4219
1979
2273
872
2764
1564
2438
3718
3931
-4827
2737
1751
-4369
1913
1188
438
3074
3966
156
2433
-4395
1835
2196
1490
1847
1024
-506
-3159
998
2315
3878
3368
1417
3120
3269
-1503
-688
-4031
3969
-2658
3594
1934
-82
656
3257
566
4112
1965
-2757
-2564
4791
2781
2716
-1673
-1440
2099
-3908
1544
-1328
-2248
-54
23
433
-4792
-2899
-4120
1253
3703
-316
4240
3543
-482
-921
-492
3670
3226
-1319
-1921
-4578
3519
-4771
2398
-2055
-2673
4093
-4467
-287
-2647
1286
-4602
-195
1683
2959
-737
-4810
2413
-3178
-391
4
-235
-4701
-3731
-1272
-780
-2438
1515
329
3355
1475
-985
-4379
-948
3379
-7
-4788
-1564
3125
-3979
3623
-4570
3129
-2312
-1764
-3332
-3812
-458
-2748
-2043
-3739
-1226
3010
4021
2838
1074
-2995
4401
-1966
4857
-4537
4001
-3551
103
3141
808
-16
-3009
-565
-854
3392
3842
2830
-3662
3247
-319
2402
-2713
-3874
-3150
3312
-768
3234
-1834
-3000
2977
-3895
4482
-1035
-4497
-2053
1866
2841
-668
-4480
-1232
-1056
1569
-4754
2260
1429
1389
3164
2958
1772
3756
-2178
-303
-4137
-2987
-934
2461
3108
3140
-4246
964
4071
56
499
-4856
-4349
1196
-1608
-4
-3433
-1557
4779
1914
3568
221
-2472
431
-2704
-3242
-1094
139
-316
-3549
-3087
-530
3794
-3186
-4594
-2750
-220
-893
4713
1545
-3199
2513
-2389
2557
4726
-4825
4798
3036
-1989
1496
-1121
-992
-1213
4513
1480
1367
1336
1703
788
1412
2123
4430
4312
-2356
-1098
1377
4457
-2850
2912
4855
-3795
-1149
978
-3272
-232
-4799
-4827
421
3604
3297
-167
3332
623
1769
-2413
-1480
-2956
469
2568
2209
-4825
-1813
1517
82
3476
379
4302
-3691
-2329
-4153
-4670
4572
4459
2238
-3665
-568
-5
-384
-679
-438
3018
-3167
3634
3444
-3912
234
3456
3634
4482
2625
-4453
-1746
-1754
2085
667
-3068
-3461
-1088
3352
-4683
1245
4267
882
4230
3519
1960
1329
-1868
3264
-2271
1002
-2383
1226
2627
780
-4847
-3927
-4472
-1922
-3475
-2687
1226
1015
1540
3241
-616
2072
-1634
3708
1823
-4817
2913
-4753
-2501
4675
-2981
-465
4605
-2698
-3203
-3788
-1158
-3629
-2972
-4565
-2429
-447
4367
-4304
3209
4882
1790
2826
332
555
-587
2470
220
4948
2897
4808
-1384
61
582
4303
4879
-2728
1529
1510
-2152
2267
1128
-4855
-4557
-3195
2966
2432
-1036
-3165
2953
-3528
-4950
2662
-2187
295
-3986
-2202
-1582
-3138
-4949
885
-417
4888
-891
-4641
-3355
-1134
4252
1273
4325