513
2505
-4517
4413
3416
704
2109
-4455
-4210
-2701
-3593
-4563
984
36
3316
129
321
2763
988
256
-999
759
99
1472
3088
-4597
-3331
4625
-2298
-4006
-2736
2033
880
3594
14
3596
-2301
1713
-4982
-1324
-2356
1417
441
2829
-4744
-1649
3296
-244
-1060
629
3582
-3039
-4743
3157
2144
1176
4362
-853
4763
1768
1810
-4280
-2317
3557
555
-3551
2888
2299
4294
-3993
3920
3007
1239
316
-2263
-291
2124
-2340
3577
-1561
4207
-1449
-1482
3557
3218
-4681
3180
-1008
-3374
558
4083
-3520
-4291
4334
4177
134
2167
-521
-1124
-3697
-4201
-1762
-4939
-2772
4107
-3967
3285
-330
2278
3652
-2766
2576
-4692
1343
-4572
-3139
44
2702
522
2579
4702
1379
-447
1429
1917
-243
-4346
-291
-2527
4023
1583
2532
1980
2006
3691
-3075
2075
-1379
-1052
170
-2107
-637
-2113
-1628
-99
-4172
-3731
-4081
3633
738
-2755
2823
-477
-2789
2029
-3031
-3522
-1236
-552
-2825
-955
-338
-4244
-3459
-800
-1447
4384
730
2617
1259
35
3793
-4146
-1315
-4837
3574
-353
-542
3828
-2221
3712
781
-3442
2946
-4058
2894
-4687
-2519
2579
4666
-428
-3296
236
2600
1033
3244
-3491
-177
-1574
4194
-3433
3395
-1832
-3652
-417
-1925
-3493
-4516
-2111
-3527
2017
-4368
-2992
2716
-2222
-1092
997
4319
3363
1491
-525
2787
-1357
-4849
-1953
3756
-760
2457
82
2087
-1699
-1952
-2430
-3799
2703
1213
4530
-1822
3535
1558
1347
-1901
3583
1615
-1434
2146
-3803
3095
-4685
-667
-4336
832
-1792
1476
550
3318
1549
1571
-2531
251
4327
3962
364
-2723
600
-3955
1715
4687
-3604
3253
2342
3276
2251
3564
4515
1920
-239
-4910
-2658
-3302
-3751
-1172
-4607
-1297
-2166
-3962
-1837
-570
-151
295
-2372
2067
-2505
-125
2385
4970
-3654
1048
4474
-2281
3709
-145
-3118
-2084
-1172
105
2897
-447
4393
2516
3014
3577
448
-1080
2817
-4720
-1195
4225
-2478
1562
1293
3876
-4195
952
-1105
-1511
1645
2564
10
4019
-3395
278
-3222
-2089
-344
-2084
2142
-2245
890
2543
705
740
-2695
-224
-4514
-961
-2140
-649
2295
3400
-1487
-3949
410
272
3671
4583
-4140
-4602
-89
508
-4045
-4085
-3624
-2729
-1095
-4813
4541
-1641
3773
2228
-1532
56
3393
3877
-3307
-2858
-2366
-2216
-2436
-1534
865
-3022
-2604
-3641
2999
-4052
428
-2451
4715
-1325
715
-2543
-4074
662
-4543
-4414
-3386
-3596
-1306
-3249
4458
1855
-1824
650
4868
3734
3804
-2347
-3849
602
2214
4480
-1791
-91
2445
1994
4267
-4069
-3173
1623
-4196
1383
-2385
-2669
831
2585
-4918
4159
1376
4773
-1990
-3522
-4977
2848
-1942
-4513
286
1870
3914
2137
-598
-2289
-1982
-837
3530
2890
-4836
-2012
1572
-1658
-2941
-4385
-2267
-1373
-2549
-3353
4830
-1432
-2105
-2281
-690
-4892
-1834
-4984
4021
1705
1556
133
-3166
-1206
-1037
-205
-700
-3733
-2077
-5
2267
-278
-361
-902
3080
-2590
-784
3321
2582
4586
-1327
-3421
-382
-2321
-3242
3900
-2522
1248
-1668
341
2360
3982
-3166
2298
-3240
4904
-3088
-2693
2294
-3298
3098
-4796
2280
2291
2968
2456
3803
3584
320
4073
3515
-4090
-2147
-1672
2440
-2606
2904
3873
-1884
1143
-3408
1208
-1168
3041
3945
-2542
4244
-3734
228
4244
-3625
1328
2470
2890
3788
1927
2992
-1845
2192
1034
821
1482
-870
238
3663
344
-846
-1879
-4243
74
-2300
-4647
-1254
3660
1545
-802
1263
2643
-585
-87
-1480
-4557
-4081
-2657
1894
2547
-34
3386
-4598
86
2713
912
-1828
2757
-1324
2252
4866
-2425
3082
1176
910
-1395
900
-3492
3407
-3545
-4281
-3541
-4387
1740
3755
2362
1029
-3321
4620
-759
1396
-342
-293
4330
-1586
497
-4978
3817
-349
-3853
-3766
-3711
-3767
3499
-2790
3317
-4219
1584
-2690
-604
3045
4488
-492
-3580
4410
1347
2784
1604
-4515
2635
-4555
-339
-4621
256
1892
-4780
-3258
4330
-4345
-22
320
-2650
-2969
-2900
-2785
-2033
244
-1353
4079
-1380
-3205
2292
664
379
2543
4734
3859
4739
3183
4328
-1783
-4370
-282
-1969
2557
2490
-1068
-3634
-813
-1112
1450
-1849
2336
-1938
2237
2404
1922
-576
4764
-483
3478
3300
326
1558
1243
4073
-4915
-2339
2345
1515
4448
-1398
206
571
-769
1598
-4580
-4001
1322
-4168
1404
-3770
-1689
-2079
-4908
2397
-1799
377
-3762
-3308
845
-375
2857
-4960
-3570
1327
-2394
-914
1410
770
-4619
4256
-2966
-1390
-87
-4848
2519
2408
657
2597
-3786
1910
-596
1950
-3540
-2104
-872
-3118
-3561
-2663
-2616
-2720
1803
4570
4047
-1045
1896
-2913
-3389
2968
-3697
-3033
4466
4936
-3475
3507
-957
2009
-192
4097
-1564
225
1527
-624
-455
2333
2230
-529
1984
1739
-3996
-690
3738
-4233
-1025
-2453
-4790
821
3930
715
-3329
4363
762
-4192
-4486
-2536
3476
3685
-2326
4916
4167
-2989
2015
-3803
-2833
-3146
3589
3679
-4541
328
444
-1620
156
-4628
3153
-4669
-2290
1191
3692
-1147
4340
-269
167
-4050
-3355
-81
2060
921
3005
-1633
906
4805
1882
-2051
1277
-4910
895
259
3383
2813
1741
-4020
4876
4499
-337
4732
-612
1349
4369
-3123
3680
1588
-3912
-2347
-4166
14
3286
3566
-4181
-3363
848
4903
2841
-261
1887
256
4462
-1795
1683
4039
-3860
1899
-3491
2358
3210
-1653
-1874
2967
-396
1154
-70
4872
4953
3721
-4290
4953
-3379
422
2961
3015
4492
1856
-610
1997
-2752
-2338
4434
-2099
3398
2374
-2362
4951
718
-848
-513
-2144
4074
-3227
806
-2079
3074
4285
-3549
-2077
-3075
-1881
-3035
-2972
1498
3122
3525
-4110
-4670
4917
3661
4747
-4434
-4408
3457
-3249
-3546
4910
-3325
-4331
-69
-483
426
-4445
770
-381
2091
-1258
1404
478
-539
-4692
-1925
3410
-615
-842
276
4079
-3158
1154
3134
3391
-4000
-3726
1835
-604
-503
3093
3382
1682
-3102
-1309
-1030
1077
-1289
1736
-2619
-2534
-3115
-3594
1417
-1181
4282
-332
-1232
-852
803
-816
4526
1214
-4618
-2598
-3120
-4937
-253
-605
574
4372
-238
1575
3578
1979
2630
-321
2812
2100
3062
665
-4048
4540
-948
2889
-4343
-276