-2565
-3199
338
-901
-3019
-3522
465
-1782
3026
-1918
4903
2617
4419
1283
713
-1127
148
-4698
3015
-2563
-251
-3956
2660
-234
4409
1361
58
-851
2208
4925
25
-3189
-1082
-4018
-1064
-4239
1443
3859
3744
-3232
-3669
2545
4045
740
-672
-3681
-2625
4183
-632
2829
4681
2192
4167
4150
-3127
-4684
2909
1275
-2426
-1701
1548
-1782
-1372
4510
-1520
-2795
293
2335
-276
4876
1450
1420
3453
-4559
3165
3463
-4971
2812
521
2198
1195
-1394
-3155
-1255
2528
4596
-2533
1552
684
-636
3079
3582
-4474
-4836
-4940
-2585
-1822
-272
4174
567
-171
3306
-373
-3073
1515
-3384
901
-3474
4260
1731
-244
-4831
2349
290
1091
-3268
-566
2707
2469
3399
-100
935
125
-550
-1152
-4364
2460
3692
-3566
-647
1323
-3193
-3489
-4726
4682
420
-93
2167
-4946
1860
-729
-3647
-41
532
-1027
-3737
2902
1406
-1613
-2854
4338
906
-1710
-991
33
-3707
-1543
2307
-3224
3122
-889
3687
-1540
-2399
4681
3218
-4412
-1365
3072
-3505
-1378
-3222
-847
1915
-4186
1143
785
-4808
-4351
-4461
-758
-3313
-3997
-2275
3360
753
-2739
2542
-2290
-4809
-4872
4096
4201
2656
-3013
3350
-4995
-2869
4997
3844
827
2182
4543
-489
3952
4038
60
-1731
2227
3663
-2566
-4730
3356
1883
-4075
-116
-4830
3743
1075
-1838
-4939
4563
4667
1514
879
3866
-2122
3179
2227
3781
-1621
-1220
4028
563
1580
1012
4881
855
3196
-2994
-858
395
-1152
3915
-2508
3898
-2812
4590
-3570
-795
2089
-2938
4602
4977
-1001
1119
-907
-4222
-4879
-1265
-1373
-3002
-3152
-2411
4943
-4900
-188
2633
4183
-4101
-1169
331
-1454
-3942
-1057
-3926
-1551
-1015
2801
-3974
2482
-3435
-1571
-2224
1193
-941
655
-844
-2226
4592
2711
-1838
3001
4512
4669
-3024
1223
-1127
-2403
4863
3372
-1902
4235
-932
-2517
216
3659
-4745
-1140
-3519
-3235
-4112
-4982
-3512
1846
4302
1780
3238
-4874
-4627
-2492
2631
-1827
3142
4088
-555
-2269
1063
3751
-2482
1667
3172
1834
779
-3403
4305
-2496
474
3404
2096
4366
2248
867
-911
-3018
3047
-683
-4734
428
3102
319
362
3265
4023
-1385
-1166
2752
2330
-1227
301
1386
2489
3656
-4152
4859
-1369
-2076
-3098
1536
3937
39
4042
-4093
3354
3031
-1370
-2843
624
-3810
1479
1776
3556
-3152
3314
3497
2082
-2722
-3770
3834
206
167
1288
-2976
-2890
-204
358
3712
3697
-1715
4957
-2462
-4150
-1413
-3814
-252
-2199
3550
-2445
-858
-3360
1436
-320
-838
-531
-4611
3315
-2321
4388
1859
1677
-2356
1609
-932
3370
1160
4547
4747
1164
-1613
1658
2789
-651
-4589
269
2868
-2798
-2689
-1003
-3312
3761
-4777
1690
3795
1128
-517
2886
1547
-4727
-1467
-3491
-2028
-2196
4601
3662
-2997
-390
-710
2502
-4442
252
2413
-3840
1320
3816
-1335
2151
4831
1998
3940
3319
4744
-4595
-4277
-2440
2724
3570
1149
590
2597
3153
2774
-4581
3184
603
-3428
-1178
-3842
3647
3215
-2183
2714
-2059
-801
1980
-3442
-2835
4373
2418
-2215
3330
1806
4333
-1840
4487
764
2837
2375
-1782
-1545
3144
-3809
2729
3370
-3697
3888
-4273
-331
2724
-3006
-4128
4182
-885
-4996
4814
-1145
4989
-3258
4689
1672
2238
4502
2128
-1078
-140
1346
-3714
-3927
-689
-1828
384
-3434
3800
-4941
1941
-2166
-1909
-1279
-1900
-727
-1828
4677
3772
1771
-1302
1736
-102
-1952
372
3332
-3141
4441
-3199
-2739
-4245
-1109
-380
-3980
-282
-276
-176
322
1369
-1417
948
1090
1341
-4149
1309
865
-3256
3920
-773
-3462
-4096
-3835
-3829
-634
-2174
-969
-4746
-334
586
-555
-2977
-2209
-2933
-1240
4706
-4605
-1191
4540
2518
379
-4822
1683
1921
-4198
-4764
-286
-2667
4280
-3137
-637
806
1589
-3097
3152
881
-1618
-1055
-2702
-1174
-3965
3472
-2763
-2879
1433
-885
-4504
-1516
-1796
3729
-3936
-600
-1281
3232
2020
3534
-238
2374
-1674
3304
-106
-459
-3106
-1453
1528
4023
-1795
3311
-3537
-4830
1549
2827
1798
994
791
4407
4277
4864
4923
637
2757
3424
558
4124
3454
1624
-3271
1966
-4504
4133
-1093
-3692
2852
-2466
-229
4376
2056
-3804
-2527
-3745
-2572
-3443
-3585
-1245
1773
3158
-3125
-1862
3190
3406
3416
-1521
731
4955
-4638
4734
-655
-525
4613
-681
1841
-3921
-3189
-1610
-4687
1431
-935
27
-1262
3048
-4625
2111
4833
2368
-978
-2823
2460
1931
970
3957
-4021
1824
-2960
2104
712
3368
-4673
-440
294
-4346
3297
2151
-2958
3389
1726
-2648
-3501
-2496
-4950
2605
-1882
2008
4517
2789
4146
2631
-2152
1318
-1933
300
-3024
-3007
3463
278
-2501
-3652
1683
3120
1737
-3723
-706
2592
2173
2399
-2578
4440
1647
4283
-3239
1855
3335
-431
3392
-883
760
4193
-979
2344
5
-3392
737
-104
-3906
1480
1374
3474
233
-2677
-2777
-2385
-1443
1716
-1234
3989
-4411
-2424
-4257
-4402
-4658
1519
-1353
1965
2364
-2848
3263
-4283
519
-3447
-2755
1334
-3
2681
-4602
1189
4955
220
3826
17
-2262
1817
-1486
-4104
43
-2
2383
4381
1166
-3682
-2213
892
-572
3012
-54
1388
3621
-2327
1987
2501
1900
1823
-3000
-1148
1574
3410
-4362
2554
1602
-4996
2683
3827
-3509
-1284
-2794
2388
414
-2687
2619
1341
-2441
-3400
-1522
-3563
2350
980
-3288
-428
152
1648
-43
4350
454
4142
-2599
-3362
-2304
348
-4751
-1674
-2402
-4381
-1505
-3553
-2061
4437
-3587
-1559
4135
-4018
4182
139
718
2307
3737
1279
2251
-157
4441
2197
2024
111
-2136
-1996
-2273
-4284
-1724
3088
2541
-2578
664
-4628
-4635
1171
724
4614
-1533
-897
2161
-15
-3738
-176
-2574
297
2701
-3724
-1118
-2442
-3474
-1803
-1480
-923
-4133
2432
3281
-3728
3610
2525
-4986
-3334
1544
4047
-4215
3993
822
304
-4355
-1112
1099
-3808
-3857
-3441
-1379
-2856
4971
1546
-4656
-1493
-3340
4734
-3403
-3540
3994
-4281
-3147
603
2194
-1132
-759
-135
-1326
1479
530
1478
2863
1047
2477
2826
2940
838
-1992
-4725
-2708
3085
2773
2798
-1233
-3521
-472
4647
-1976
-3789
-2978
-1334
-1756
526
3444
-496
-4155
893