1537
2307
-2357
-1610
3891
-1155
-4814
-4727
-522
3428
2658
1832
-541
-437
-4182
1587
842
-280
2238
-4751
-4156
-3388
4786
752
4804
1286
-443
-2372
-2252
3231
3434
4334
-1097
-1823
-1459
3525
-4583
1518
1409
2078
2614
1912
-4735
2113
-4077
-4462
4322
2347
-1886
-2820
2840
-1879
2241
1225
865
434
1395
4795
1908
4017
-3630
1684
-794
-1096
4716
2427
417
4072
846
2706
-1170
3781
-3783
2865
1588
778
3744
3801
-4223
-2636
2655
-1183
-2498
-4404
1619
2379
-2406
2754
-2994
3390
-1328
3712
-573
-4243
-1822
4840
-4092
-837
2670
3938
3642
3518
4704
-4641
-4649
2970
4443
1449
1621
-197
-707
530
-2692
3207
-2093
-2324
4556
2251
3310
497
-155
-1026
-4037
4213
250
529
-2201
-4186
-4096
-4619
3275
-3630
184
1001
2890
-2181
-22
1276
4919
4144
3559
3483
-2444
2206
3022
2729
-29
3762
2272
3775
-551
-1824
-4650
-3710
-3827
-3841
1172
1372
-1335
1110
3980
1866
1493
-824
-509
3762
3614
-4959
3455
-2781
-1945
-187
1654
-3184
-1102
-3071
-1693
-1354
-2405
-4075
-4211
1261
-2170
3793
4145
-4856
4432
-2670
674
1722
-3076
1222
-2844
3947
-4164
-86
2674
4283
171
3169
43
45
4151
2739
-4425
2954
-584
-1669
879
996
2329
3616
-3118
-840
-3240
2141
815
-584
791
-200
-3717
-1151
-3487
2004
-2310
1700
-1541
3433
1535
1841
-2921
4901
4659
-2493
1744
-4418
-3754
2945
3736
-4293
-4679
4555
-3368
2335
3836
-3088
2691
745
-3503
-1831
-1340
-2714
-4140
-957
2898
680
2339
5
1896
-3393
-3600
-2365
2119
4509
1074
3858
4697
-1940
-660
-3899
4801
367
-3080
-3992
1131
881
4753
246
707
-2029
3886
106
4714
-1730
-4400
24
-1443
2832
-1778
737
4074
-1937
-4171
-2469
1822
-3234
-4648
-2749
-174
-716
4677
4481
-4942
-4853
-761
857
1881
4341
-2022
-911
-3836
-1759
3056
2698
-4712
-960
-4178
-1428
4765
-1306
-2406
226
72
228
-1507
1889
4913
4597
-3248
2524
-4124
-1133
-281
-4984
1902
2088
-319
3057
-3928
-413
-4334
4455
-964
2612
3881
1216
97
-2545
2293
1935
-1166
-3086
-2633
-3604
2227
-605
2044
-4091
-1961
-1836
-1106
3325
-703
2697
-3714
3473
-974
3084
-1876
3844
-4828
2747
-4166
3732
2791
-2152
584
-1678
4761
-2855
931
2541
-3756
2625
-1689
-3830
1585
3731
-2532
-2033
1132
-3672
-4433
4517
-1347
3438
-3473
-487
-3875
-4399
-3194
1080
1858
3151
-422
-2448
3932
2600
-3129
1105
-4430
-747
-4981
3085
-2275
-1271
3521
-4114
-1336
3401
-3578
-2360
-3677
3266
-1501
926
-3170
-4983
1102
-3543
-4083
-4974
-3961
3442
-2802
-2084
-1695
-4443
557
2937
-2559
-2550
1387
658
-4731
2616
2650
-1707
1315
-1876
-1902
-2801
-3544
550
-4852
3595
1272
-108
1049
937
2324
2718
1805
1775
3215
-4431
2791
3702
265
4328
2224
-4718
4406
-2472
-2812
1950
-1508
4448
-2136
1186
2705
-2484
-4872
-128
1028
-4744
-4490
2422
2815
230
-3788
-943
-4941
534
-1252
1866
843
273
631
367
-2039
-920
-2906
2761
2294
-1859
4698
327
-3710
-3691
-670
-574
2104
2061
-3823
-3544
626
1791
-4960
-1858
-2529
4644
-3540
1567
-4668
-1092
-4843
2506
4716
-865
3876
-4945
1573
-458
2955
847
-2104
2735
-362
1469
4419
1091
649
-2087
4420
-3550
-1818
2177
-1838
778
-2136
465
-2140
-4042
3752
-7
-1420
4981
-992
-2246
621
-1175
-2374
577
-3956
2106
-4533
-1734
1698
-4081
1417
-2658
-412
4373
-4491
-794
360
3734
-1784
-1339
2758
1587
-3494
-1781
-4958
-1893
3435
2649
4800
-1475
31
-4023
-1028
260
-3493
-2573
4721
-1163
-4641
-3144
3214
-2076
889
462
3218
3024
-1999
2765
3650
-4393
269
1062
-4349
991
-2079
3033
-4813
-26
855
33
-1441
-2806
-941
-1918
-3776
1864
-4743
3907
950
1204
-1331
-1741
-1287
2077
2810
3254
3432
1911
81
3755
1486
-4547
-94
4961
-2680
3892
-1608
-1821
-3929
-4643
-1627
1568
877
-2306
3811
1363
-3664
-2245
3751
3616
-1132
2532
-3574
451
-4621
-4085
-3975
3353
2368
-4145
-4206
-436
2402
-620
2926
-2246
184
-1018
-1558
490
1195
-51
4942
3093
2469
-4892
-359
-2286
-2864
4616
2268
2393
-376
4851
1618
584
1385
3368
4910
-4338
-2252
-819
4708
-977
-3965
2990
2368
3160
4215
-3159
-823
-2450
-4788
-1702
1258
-987
-129
-3619
4141
-4578
-2949
-830
1476
237
2198
4411
-4717
3362
2516
1909
4604
2189
4502
-4046
-874
1678
443
871
3286
1389
501
244
-68
3983
871
2327
-3428
-294
-4047
-3962
-3070
-3819
4660
-3267
1370
228
-85
4504
-4135
-4428
4099
-2587
-759
4850
-2203
3977
-710
-3704
-1226
1934
2709
-2168
-2457
-4048
3714
-4974
732
258
1028
3487
-3275
-4795
1436
103
-2824
3428
-1471
2233
-3359
4765
-4891
-4551
1004
-4808
2460
-3639
-2288
4006
-3748
-3633
-931
4943
-2442
-3668
244
-3333
-1129
-2300
1722
541
-1216
668
-2116
-2335
-2408
4015
2675
-845
-451
-632
-6
18
2679
-2913
-1434
2167
-4917
1926
-1603
3582
-4517
4668
1936
-3904
353
-1682
-479
1159
844
-1435
-712
-3936
-409
-3423
3480
-3100
-155
4215
4623
1453
4736
2141
-3756
-4557
-4514
-3509
821
-4773
-2368
3190
2103
1333
-1373
-588
-3721
-317
-2976
4761
-4989
-690
2247
-2070
-561
-3471
-3325
2296
-4523
-1838
2996
-436
2978
-2868
-4398
1750
1447
-2421
-3523
1386
4528
3266
-3445
-1086
-728
2068
-3617
-4838
2225
-4442
2537
-4782
-626
4437
2716
2451
1385
-2706
678
-498
-1513
-3036
4510
836
-4679
2063
2515
1181
-4197
1602
-1593
1517
3182
2273
-3596
-53
1419
969
2810
-4682
3940
3506
3625
1616
-67
-296
-2500
594
-35
4773
-3336
3034
4126
4373
2329
-2355
-3921
1379
-344
3305
-4386
-4837
-4027
-1711
-3726
-2028
708
2024
-1263
-390
-289
-3770
2010
-2574
-2555
3294
-4467
-4863
-3344
-3863
-3461
2076
-4384
884
-2257
1862
2000
-1344
-219
3735
2942
-2214
-2405
-4399
-4387
4444
-4955
3694
-2285
-583
2989
-4294
2388
-1799
-480
1727
2772
2697
-2490
-2570
-2148
-1519