-2016
-3923
257
-2650
983
-1525
-2124
1694
-2637
1301
-2793
-23
601
438
542
-3130
2685
4806
723
-2514
4104
-3218
-1817
-3739
-1697
4339
2622
2376
-4802
-755
-4299
-4083
-1665
-3544
2020
2797
-314
4746
2499
-2733
893
3672
-629
-3696
832
-3051
699
3757
-1022
2527
-2129
-2700
1226
2192
1877
-4181
855
-3928
-2370
3524
4055
-4875
-2501
-94
864
-156
3047
-3392
295
-4561
3840
1294
-50
-4288
-3885
3588
-4878
-118
3432
38
2511
-2109
172
-3426
988
4800
458
-2057
1655
-2144
-3479
-4192
-1912
-4117
3200
-1927
-4780
-300
-2606
1091
3410
-1637
3617
595
992
-356
2097
3527
2318
-165
-3114
4156
-618
3784
2148
-1861
-1671
-1489
3793
792
-1421
1559
4150
-4772
-2628
954
482
-2885
-3868
2358
3442
1878
2305
-276
4872
-4249
405
-4079
-3295
-4743
1796
4125
-4921
-2753
-53
4241
4996
3310
1713
2160
2893
-2343
-4419
174
-2619
1935
127
-1614
2446
3245
-2740
3985
866
3162
-3942
3525
-3195
4849
4930
-4616
4895
3353
-2772
-1684
-1475
4571
-4962
766
347
2681
3951
3623
1983
1538
-1640
1136
1856
3828
-3177
4921
-3071
-3847
846
-2740
-1310
-3034
1435
-4128
-4272
-1982
-2686
-3615
4089
-738
-3286
2634
1363
1477
-588
2629
3695
703
-3299
-1884
2387
613
3589
929
325
3264
964
-3209
202
-2776
2003
-2573
1971
-4065
-67
3082
-888
-444
2437
2212
-3309
-3958
-3103
2348
-2093
-866
-2009
-2246
-2559
1373
-4618
2643
3861
1958
3105
-291
1888
974
-2960
-3880
1294
4876
3208
608
4789
1444
3088
4923
2186
908
4637
1746
-3986
3186
267
-353
-4802
-4925
3508
4452
-4841
950
2976
702
-1697
-4589
-3666
-3924
-4628
-1191
4035
3002
1650
-2297
-3067
584
3728
-4122
3089
-1116
-3111
1057
1489
-4248
-3190
4228
3046
-3565
2701
2706
4723
306
-1152
-1107
4201
2072
588
-2954
3700
-3321
434
1948
-4867
4049
-3852
-595
3290
667
-2616
4992
-3654
3483
-3619
2333
3437
4858
-2497
2466
1150
1455
-116
4804
-1896
-1596
1996
3509
3305
-1654
2908
151
-2657
-508
2618
2864
109
129
3094
2149
-3774
-4878
-129
-4854
2771
1064
-2519
321
1930
364
1776
-3851
3193
4263
2876
894
4354
-3638
-2866
889
-2294
-2177
-942
-702
2300
-4668
-4670
222
1092
2925
-1575
1941
4401
-546
2663
-3877
2505
-4102
4502
2386
4969
3815
-1506
2111
-4965
-2264
2259
1481
1949
-1853
-1551
2125
3695
-290
-2038
1308
-2183
-1598
-2741
-326
3879
3566
-1773
3471
3829
-899
-3219
-2166
-2081
2091
-3184
-3238
722
4366
-1594
-713
1550
255
-3172
-1942
-4617
-2940
3905
3218
-2106
3314
-3618
-4319
4050
932
1199
-2289
-4853
-4463
-3924
-2236
4240
1715
-926
4596
361
225
3358
3593
4349
-149
-4967
-2276
1208
4314
-316
2103
4093
1901
-2473
561
301
-163
2533
-2195
-1575
2675
1142
-4737
3105
-4509
-4810
512
3634
-2040
4162
2757
-2192
-1097
1649
2881
-549
1146
-3397
-594
916
-4755
3340
-3977
-3885
1078
-4704
-2345
-3368
-4411
-2802
-4789
-4334
-3642
2125
-4033
2115
4266
-4668
4490
-4054
-4653
1198
-4311
4913
1876
-3854
-71
3855
3671
914
-1879
4995
-3851
4828
3657
-1054
3255
3755
3391
238
-394
-1856
2106
-1842
4219
4720
982
1008
2271
991
-2152
1574
-2693
911
4221
3487
-2382
-2009
3421
-1925
4322
-415
-4749
-2124
-3955
1037
2448
-456
-2458
3475
2012
3401
4584
-3153
-610
2155
-3685
-197
1673
2938
-1672
-3168
-3575
3421
-2342
555
1569
2291
4970
2434
2797
171
4840
2603
-4532
4313
4226
821
-3814
-68
-570
-4559
4334
3248
-3680
3874
-1876
1414
-2297
-2583
-2411
-787
-4103
4450
-4187
669
-2274
4149
2364
-895
-2028
-1369
631
-613
2201
4709
4352
2076
2740
336
271
4621
1972
3299
711
1064
4597
1448
4979
4590
-4998
2516
4220
407
3550
55
-840
609
-541
4598
-3471
3811
4600
1070
1696
1602
153
1585
-4028
-4378
-4951
1368
2016
-2860
-1984
-373
-3424
4829
-3890
2205
-3681
1286
-50
-2590
-1715
3134
-462
4607
3646
-4163
709
-320
-1248
2310
4889
4785
4158
2107
-3141
3252
-4151
1837
3897
4733
438
571
-1543
-249
-645
4541
3842
1384
622
-3390
-4717
1124
2265
-1564
339
-134
3469
2076
-855
500
-2872
-666
-4515
4799
4276
3188
4714
-1103
2219
2314
2006
4496
-3899
1201
-4100
-2364
-1255
-1069
2968
136
4240
-4780
-2298
-854
-3021
2628
-3751
4852
603
-120
821
3966
-2899
-3515
885
883
-2290
2248
1846
2724
-1425
503
-170
0
-1488
3799
-4173
-3486
125
-1060
-870
440
-2747
-3968
3187
-2039
2711
-4668
-2417
1324
-594
-2192
2614
-1000
3696
3953
-3451
4431
3388
-51
508
-4352
-1529
-3681
-1874
-1061
3276
969
1391
-590
-1764
1837
-523
-4870
982
-664
-4313
-977
-2742
-4335
2998
4894
-1012
-2310
550
4632
-2530
-2782
-4549
1398
-517
3531
-4341
1877
-3657
-2061
4345
3629
-692
-3629
269
626
-1844
-1778
-4289
-21
3918
4816
-2415
3943
1270
-1708
4862
-1939
520
2952
-4921
2736
-2283
-4981
-573
1504
-2281
2060
2336
1541
4308
4456
468
445
-4058
3313
-3761
3502
4447
4168
1818
-4000
384
906
1510
461
-2653
1895
4863
-3635
4634
-4934
3998
890
-990
1728
4621
1736
-772
-3345
3497
3744
-3430
-32
4605
-3744
-4375
-1811
-1074
3782
-484
3126
-4005
-4347
2114
2597
-2599
-3754
-3410
-1621
356
-4627
2165
-594
834
1819
2030
-3825
-4369
-4981
4800
3518
-2461
1467
2193
1205
2010
-2937
1705
973
1841
4389
887
2466
1346
-4358
267
1034
4737
-4528
2020
-2395
-3863
-4967
3646
-1341
4328
1225
-2115
-3634
61
4133
-352
-2695
4886
3038
4952
-177
-2499
2175
1150
2237
2298
1208
-3073
1515
2212
-2348
119
2329
-1417
-1348
329
3094
-1431
1563
296
3531
-2746
-3170
4103
3739
386
-301
3322
2178
2548
-1275
-1953
-1824
-833
-4694
-4611
3971
2503
4816
-807
3520
95
-907
-4021
665
-4462
-3074
4007
3595
1836
1387
-4395
1665
1284
2184
-1326
4032
-4925
-3632
2134