1909
3219
-4688
-3404
-111
2622
-2509
-4168
2703
-2153
-430
-738
-1192
919
-4649
2895
755
4296
-969
3595
2471
3151
-2517
-2211
1576
-3232
4887
-4785
1818
1934
4694
2631
1398
761
-3000
2192
4515
-2079
-3859
4599
286
4850
-3803
4710
-2516
3805
-4948
-1393
1919
-2778
2284
-1142
-291
-2126
-4504
2184
-3402
1219
-23
-3664
-3301
-1094
2665
-4193
-544
3965
3625
-2582
-4011
3329
-3712
-1152
3611
-4705
4034
-4384
2709
-1016
-2175
1091
-1512
-1018
-4005
2429
-4954
1012
4262
2713
1134
3966
-2327
-2150
-3700
-124
-3822
-3268
-1006
4815
-2833
3117
-3060
3403
-3600
-3461
-4019
2185
4350
-4112
3833
-4221
3248
94
1518
4227
981
3230
-4577
1131
-148
1300
-1972
-852
-47
3237
1008
-2869
4971
1918
684
4459
-1346
-4355
-4119
1909
-4171
-2769
-4257
-924
-3748
-4754
-1818
-278
1544
1351
-3056
2313
-2165
4641
-470
4112
-4882
-888
-4456
-1389
-4950
-2718
-391
3534
-2178
6
-2954
4846
2910
-728
-4028
-4040
-3734
-884
815
2524
3629
-4404
-4253
3389
3854
1549
-2977
-3711
3810
390
2317
3719
4371
4131
-784
3802
3702
-3904
4490
-1944
-4807
-4161
-254
-86
1880
3659
-1352
-3761
-2636
-1923
485
2949
1123
3706
-2429
-4932
-822
-4872
-3396
-927
1763
-617
313
-1132
1724
3534
-823
3270
1115
-1013
2028
3442
4928
-4568
969
4512
1673
1218
-2063
1843
-1926
2188
-543
-4610
1002
-856
-2167
3651
-2298
-2552
-2096
-3240
-1516
4796
-3923
4760
-2530
-654
-4508
-1714
-2286
886
-1779
-3442
248
285
-3004
4631
-2765
2529
638
2684
278
-2457
2268
3669
3229
-585
-2022
-3279
-1825
-4461
-556
-556
3735
320
1827
784
-418
-2806
-2643
-345
-3631
-2286
-1101
696
-1825
-2040
516
-3199
2069
-2827
-2763
4268
-3904
288
-327
-4320
2543
-4463
-4792
4157
4867
-381
-3583
339
-205
-172
-223
-1177
-203
-635
4473
4556
-2825
1813
-1730
-1154
-870
-4588
-1848
-4331
1458
-3799
-3384
-1864
1900
-73
4534
1721
3231
1755
-1005
-3166
1456
2663
-1536
194
-4763
-2602
-1334
-4611
-270
-4729
974
2443
-1515
1705
1720
-2602
2105
465
3910
-2221
3974
-4324
-4171
-391
-27
-3361
-465
-618
54
1737
885
-1017
-1082
3578
3568
-1125
-4391
688
-3076
4046
1188
-2980
4364
-1254
70
-2566
1686
1914
-1761
959
-3233
3747
-337
-3011
-959
3883
-2751
2598
2603
-841
4262
-3472
3109
3529
1257
-1899
-1507
1845
2561
-4752
-2919
-2507
4531
3802
341
3569
3545
-435
1298
-3073
544
285
-3336
-1512
-4619
-2342
1989
-414
-982
-518
-1423
1701
-4849
3411
-2878
2098
-3610
-2120
-4426
-2658
-4163
-4937
2896
2728
3144
-4776
-4872
3201
-3822
2831
-4389
3459
-1193
-1499
-4809
-4804
4579
989
318
1057
1438
1806
-1918
1723
1777
2373
-534
-1924
-3566
340
-2637
-1388
-4574
629
3421
4283
-1567
-2508
-3005
-2793
-2250
1163
4168
-243
4897
2280
-1025
581
4666
-2865
164
-1376
3339
1753
-2780
696
748
-4943
-63
673
3129
4350
2385
2398
4364
-1186
-256
-213
1359
-2541
-3145
-1845
-230
-130
2064
-847
531
-1550
-3327
3828
4430
-4949
4825
-2406
4408
-868
-3952
-1390
4386
-1063
3585
4810
-1560
1916
4907
-3050
3428
2458
-2428
842
-2000
-1653
4650
-657
-1979
3972
-4017
-4492
-4468
-1231
-4582
3592
469
-1675
-1680
2838
-2313
-1262
565
158
2318
-1789
4073
-4949
-1559
-760
1222
-4736
-1532
-4681
3065
-2267
1619
-2676
912
3388
-584
3708
1096
-3649
1634
745
-3062
-2527
930
-2413
665
3442
-1999
1709
2409
-708
-1425
-3666
1826
4578
-3002
-1923
-4899
-2761
-1420
-1328
860
-3113
87
-3779
-4887
4416
-2996
3607
-4040
-2874
-3655
-1353
2813
3541
-1441
3299
4690
4621
4434
2719
-1925
-4522
1965
551
1657
-439
-227
-195
1231
4716
-3653
-4828
2685
4240
2945
3770
2188
2842
4654
-930
-88
2568
-2903
3244
653
1845
-2575
-1882
4678
-2723
-2022
-1028
-1156
2214
-4556
1825
-1438
-2365
-1080
2218
-749
2147
1129
-2375
4641
-310
-1293
4481
341
3090
3500
-3230
-79
-3787
-3556
2833
-4862
-1621
-853
-1669
4851
-3306
-3155
-2687
318
-3122
-3257
2077
-3058
4257
4421
-545
-2499
-860
-3578
4683
3262
-933
4391
3287
2718
113
-1016
-2351
-1563
1768
-2304
-2032
3929
-507
-4299
-250
-1967
-1459
-4566
-3834
-2030
2744
-4470
-1848
-4653
-3910
4143
604
-2723
-1639
-4081
4430
4275
-4641
1274
393
-107
-4790
4803
-2096
-1927
-187
-2001
2565
4801
-1316
277
-3076
-3453
-659
510
4318
4664
-860
485
-1370
-886
3642
-527
-4726
-2523
-4464
-3419
-1590
-1209
-1197
-3628
-1359
3264
4653
3259
3046
-4637
-2616
-2812
-4800
-2981
3592
3789
-1766
-1719
-4844
1398
800
3673
3245
-3036
-2175
4730
-3659
-1785
1574
-1501
4825
4825
-4912
2918
-1645
1481
3054
2478
3966
4446
-3250
-2985
445
3574
-1612
-2996
2276
2603
2793
-3559
2411
-1074
-106
-3750
2932
1851
-2214
-4380
2170
-2129
-4334
-2638
-20
-3272
3673
-98
1456
-738
4122
318
2486
4778
2381
-2887
2425
-1844
-3484
-1271
-108
2948
-629
-4388
2063
2173
4062
1858
3317
-4729
4327
4955
349
2162
-3764
-3006
-4794
-2817
4452
3783
-4623
-100
727
-79
-94
3375
-4996
-3118
-3419
-4863
-846
-2667
4462
-2352
-2145
4201
-3519
-3931
3358
-1330
253
3161
-4771
3781
217
-1280
2371
3215
3642
-1260
-438
-3590
-1637
-700
-2439
-665
4566
4199
-1474
-1724
-3835
-3014
3561
-4058
11
4166
-4895
-230
519
-3256
-3097
-3895
-693
-4591
-987
-4463
-1358
2325
-4878
-1634
-3161
-3663
-4924
3831
-4541
853
3934
-4959
3899
-3009
388
702
819
-3812
4399
-3071
4526
-747
883
-2455
-1795
4427
4195
3596
1730
-1773
2861
-4742
2714
476
3785
-2802
3274
-4447
-118
-1629
-4023
-1449
321
-2775
2275
-691
-322
2648
-115
3704
1068
323
2074
2042
1131
-4432
226
2518
1006
3343
-984
-4314
835
609
1649
-546
-3293
1794
1365
-1333
-935
405
1789
-3747
-4026
-1224
-2161
2733
621
-626
-2102
-1379
-2552
4316
3675
-3973
3417
-1339
-1199
3596
1130