-676
-4027
-2229
758
-1981
-3263
-4079
4835
1260
-4204
1781
-4575
262
-2692
950
1943
2004
1955
-50
-866
2474
-566
-958
4133
-4360
1034
-1795
-397
754
-3400
-4546
-4635
3663
-1697
3302
497
-451
659
301
2149
1061
-3744
4742
-2172
413
-32
4304
1724
3627
4660
-3997
29
1221
-2242
1183
-1304
-2329
25
-1846
-1693
-4694
-3022
-3755
-4431
-717
787
-2637
-1241
1362
1433
-799
1543
2354
2790
-2827
-2354
2378
-3596
2027
1542
4530
1239
3783
-166
-1167
3868
-1965
-2637
-230
1205
4766
-181
-4154
-875
3893
-1041
-4388
-3566
-4424
-3047
-2726
172
30
-4658
87
4661
2951
204
-3336
3643
1219
-4732
-1512
-3936
-4743
2825
-3409
4224
-3642
-3720
826
476
-374
-1540
438
283
-803
-32
600
-1455
-1468
-1862
-3911
4521
4528
4742
2956
-3273
-3977
-1904
1188
-438
2481
-4309
-4896
-4001
4895
-4330
4809
-957
3510
-1337
-1239
-2028
72
4165
4676
-2016
453
-242
2785
4396
-2125
-2133
-4394
1623
2269
-737
-4707
620
3870
201
3515
3587
-438
3562
4511
3715
-4830
1342
-3587
4162
3026
2002
-1945
-3365
1430
4374
3036
2369
1122
4288
-226
-2664
-1786
2013
4423
3280
1461
2568
637
-3898
-1108
4447
1797
-3979
4103
-3622
-340
3428
3657
336
-1069
2766
-1374
-1435
3389
3116
-3055
1989
-4664
-3412
1577
-4592
3515
-2153
852
-1550
2411
-2433
4475
-3360
-4592
4687
2002
4601
44
3515
1092
623
-2152
210
-1895
2086
3777
4413
3004
-2920
1246
3993
-2597
1844
-2827
4444
-1739
-1533
4252
4481
-452
-2145
-2511
4502
716
-4807
-3719
-4649
3451
-1799
-4985
1722
-1395
3173
4561
-3991
77
1449
1159
772
3037
-1628
-280
3830
4306
1545
3090
-1017
855
1814
-4625
-2268
4274
2853
2645
-3181
-4495
455
-876
-1801
1748
-2532
2304
1210
3118
-1545
-3341
-4520
-1123
4020
3967
-2657
-4840
-1328
2879
-1621
2774
2312
-384
873
373
2907
-3037
3968
-3478
-2923
-4405
-3463
2838
2193
-4377
906
-1621
1911
3094
-2947
-4735
-875
-380
-747
-4953
936
2112
434
-1067
3666
3361
-3493
-3668
-4742
1324
-2211
626
3192
-3682
-3405
-4727
3181
2955
4859
-4913
4003
4210
1332
1445
899
377
1125
-2656
-2936
-4242
-150
3546
-2627
3021
4541
1760
-2908
2286
41
-1667
-4758
2688
1127
855
2624
-2991
1503
-147
3176
-2520
4762
-2172
-2337
2353
95
3582
-2882
-3285
-3650
-826
-3311
-3958
-239
-1473
2270
-3050
4173
517
-1643
-3987
2965
1304
3066
2721
-3468
3540
123
-4285
4578
4563
4919
147
1855
2709
794
1071
3214
-1869
3935
994
2576
1271
4093
-708
-4971
4956
4750
-1513
3018
2779
706
1229
1947
4735
-1696
4816
-4718
-726
-1332
-2138
-1438
1868
-3863
-2535
-2154
-4630
2477
-3583
3222
4084
3584
4584
4914
2970
-2140
-4398
-3514
355
109
-1285
-2803
-3165
-4723
3567
-265
4165
2714
-2199
241
-2999
585
4386
15
3528
817
-4477
375
-110
3844
-3193
-3316
-4931
-3032
-153
3093
3291
56
601
4432
2586
3329
545
2234
-1328
2412
16
-1980
1924
2614
2955
-4598
1052
716
-550
2560
1128
-1554
-3537
111
-4229
-4937
-3998
2894
-4727
4766
-1590
3123
4596
-3528
4395
-1940
2288
-4785
145
-1052
4666
-1665
3794
3080
-2845
-2852
-3674
-530
-93
-3742
-2531
-480
3856
715
-4962
-2169
4788
-1027
2450
3481
-2800
-1856
-1323
4713
487
2468
-2169
2870
-2930
-4227
2500
299
823
-4085
-3730
-890
4924
548
2493
-1173
3423
-2599
-1922
-3975
-1155
4565
2711
4508
-456
4418
2274
-238
3991
-1753
2867
-922
782
-3348
4671
71
2088
-2412
1046
690
4487
-4326
3700
1590
4098
2897
-405
1198
3838
1779
3300
3681
3948
1967
-3332
-2448
-1108
-3072
2283
2049
3633
-1451
-3641
1240
-2837
-1916
3856
-14
388
-3676
-4616
-3273
-1816
4067
3127
4240
3874
4157
3916
-3262
1449
-1032
-3186
-1472
-4340
1205
-789
-285
-3992
-3412
-1945
-925
-1122
1242
2046
-3343
3136
4974
3187
-1655
477
2761
4557
-3589
-1093
2787
-872
783
-4812
-2427
-3916
1610
3149
-4299
4365
-1073
3986
-153
2481
-3808
1124
-3687
1956
2142
2195
2673
3526
-2111
-235
-618
4670
-1044
-2939
192
1410
2031
2959
-3129
1664
-1306
3464
-173
-2489
-3095
4719
3129
4361
-1397
2694
-2280
3815
367
3956
-1802
-4316
4762
-1285
-3915
-1718
-2015
938
-149
3021
-4597
-4024
-3994
4400
3011
-1917
-1182
-815
431
2921
-3147
-1286
4528
-2859
3322
495
151
-313
1493
3099
3908
787
252
2341
-949
-2518
-1517
204
3271
-3495
182
-915
1290
1156
-109
-3593
-813
3066
335
-2718
-862
-4834
-4236
-3784
1516
2918
-4569
-2456
963
3701
-609
-2581
-150
-3490
-641
-983
2552
4264
3693
1045
48
416
-3022
1897
969
-203
1164
546
-3205
-314
-1201
1280
-3294
-1624
-3381
-2407
3690
951
-1158
4330
-2531
-1369
4732
2727
-1479
1140
-1019
3417
4774
-3641
1354
-34
-3688
-3621
-1527
778
-2858
-4619
3170
-1926
528
4497
-4485
-889
894
-810
2126
-903
-4242
-1813
2445
-2305
1998
4045
-4234
-1879
3574
-126
-2406
-3414
-3814
-2551
-2730
1356
-3570
35
3967
-3611
-1356
-2281
-3354
-2654
-221
2455
1791
4902
-1573
2223
-311
1103
4559
-2318
3870
2820
100
-4732
-4900
1814
1416
3276
-2302
-4705
459
-3494
986
-3301
2040
1825
-4067
4353
2257
1338
-2665
1106
-2115
275
-1170
-580
-1811
-3702
-2557
2436
-4402
-3394
2559
-2993
2394
-1004
-1057
2631
-3362
3598
-2984
4132
-4615
222
-4854
-327
3419
2584
-208
1209
678
-4341
1713
-2569
-3648
3113
-3612
4690
-3478
-1659
410
-4944
1001
-3770
-4686
-4089
-2530
4098
1591
4840
-39
2895
1234
-1626
-3737
-4268
3818
-195
529
255
944
-1234
-4815
2169
-325
-2900
2194
4189
2801
-2901
-4415
-2818
-3741
-2581
3161
2841
1509
2161
360
-4701
2513
119
-2970
-1857
865
3528
-4107
4450
2496
3317
2455
4652
-1594
971
1022
-4974
1296
-2764
-2907
2560
-483
-1243
-175
-4996
871
2726
2112
2857
2293
-1226
-995
3460
3641
1412
-620
-4592
-4870