471
-1949
1740
-721
951
-12
-3501
1323
614
4579
-2978
1451
-723
-2158
4639
-4429
-780
-3947
297
3851
-4683
-4752
2133
-4658
-2493
1145
-150
-2253
423
423
3163
4334
95
3233
1742
-652
-1048
1618
3508
3391
4415
4138
-4362
-3050
-2605
3602
-4140
1288
-4087
-4086
-651
-2627
2601
4637
-2268
1027
1057
1645
-297
-282
2415
4442
-1564
1540
-2456
175
-1491
-2159
-3230
4770
3971
1602
-1430
-766
887
-71
33
-1873
738
-402
-908
3564
1427
4951
4356
2392
-2073
-3682
-3950
-4686
2087
327
3617
245
652
-1441
204
4612
-262
-3796
-3326
2923
2986
231
4376
-780
-2169
-1307
337
-1482
-23
3390
719
1260
3526
-2325
-3431
3909
1106
-1356
1373
687
-315
-2160
-2299
4573
1757
1209
2569
415
-863
801
822
-3859
1144
870
-4292
-683
-1703
-349
1282
-1407
-3926
176
4601
-2205
1809
-2801
571
-3283
371
-1050
-1720
-44
4619
-4357
4952
4753
-4778
-3844
1971
-1061
2754
-4380
3036
-4522
-1024
15
-1743
2487
-1613
-3254
259
-4966
3479
441
-4954
-2277
-1160
2936
-3587
-946
-2130
2920
2304
-2147
-1089
4815
-3046
3517
-3501
1241
851
-4632
4371
604
-3682
1905
553
3393
2635
-4954
3010
-4807
-4410
-2822
-4104
3054
-1021
-2539
-3598
-4926
-3816
-1054
-1957
-16
1129
3997
2991
-3007
265
-3480
1270
3315
-3977
361
3281
-2839
2891
-2300
1399
1435
-4152
-3912
3574
1949
3048
1598
-53
-4599
-1747
4124
-861
3704
-989
-4084
-2466
-425
553
-3228
4641
3443
2733
4521
4213
-3407
-1280
2748
-4201
-1062
-3562
-1719
3492
-2872
-931
2236
4971
-3609
379
-2207
-2048
1280
-1166
-1591
-4357
-908
2237
-256
1938
-250
568
3923
-2499
859
1008
-4288
642
-681
-1146
-2142
-3516
-4113
1852
1594
-3506
-4497
-2974
2743
3630
-2442
-3842
-3448
-2314
68
1561
-2604
-2976
-517
3654
1866
1978
2292
-197
-2314
-2502
-1000
3132
2838
-2161
-3032
-4645
-2744
-1880
2563
302
-1314
4952
-3155
-1425
-1295
-1346
2892
4544
4399
167
-3315
843
533
4969
4356
-2800
-637
-1659
3057
-4626
-888
4761
-545
1537
-2809
1470
-365
3442
-4743
-4300
-3444
-1537
124
3703
1161
-3425
-2956
-3795
745
-4654
-1768
4217
-735
-3666
-3175
-3751
3755
-340
-3731
-114
3239
3251
726
3336
4250
1722
2570
2993
-2477
2115
-678
824
2556
-3215
1380
-775
-3920
-2690
-4708
2612
-987
4619
2169
-4705
-1189
2500
4302
-3427
1427
-1336
4944
-4932
-2770
1428
1833
-1503
-4758
-3828
-4740
4180
1862
3850
3242
2141
-2655
3651
-3699
-4652
3372
4279
-391
3544
3874
4616
1667
2465
2482
588
-4725
4719
3632
-2340
1913
570
2091
-3643
2106
-204
-1582
-3812
-3592
360
-3383
1916
-1672
-2259
4097
676
-3701
-1985
4490
-4733
-3869
-4170
1772
1749
-3574
4757
4361
-1209
3662
-879
-2425
-3
4604
-4457
2042
-1818
3815
4942
3881
-2502
-4710
-3073
-4253
-3819
-2806
-4768
-3186
-1764
-3239
-3226
-1441
3716
1821
-4015
2144
-4362
4406
-4373
3338
-664
-4107
-1332
-1077
-2671
355
-4072
-1739
-3801
2914
-1549
-825
-3352
476
-940
161
2443
978
-3988
-756
-634
-4661
2102
4125
-1913
-4200
-4531
2051
-1553
-4749
1204
3265
-2227
2119
259
4905
-3315
-2169
-4473
-2665
2068
4493
-3762
-2914
-1496
3844
966
-1244
-1289
294
-2929
-2941
1829
-1314
1910
4688
-1156
-4516
2606
1807
87
1773
1812
-4898
3682
4610
2233
4656
-3087
3768
-3917
-4513
-636
-4637
-981
2890
-1543
1892
585
-3156
819
-46
3883
2933
1019
-2155
3206
4995
-1076
1814
442
-2853
4727
1871
2273
-3684
-1865
-1550
-2133
3130
-4063
4013
-4393
-259
1285
1407
-143
-3354
-4774
-266
3543
-2868
-3835
1805
-1078
-355
2904
-3692
-3508
-2729
-3863
-4939
-2412
-2006
-1078
4659
-2929
1176
825
-3539
-1721
2939
4731
3625
2424
-3294
3620
-1904
4601
3321
1543
4164
-2226
438
4818
4551
4375
2850
-360
-3282
-2038
4462
4146
1170
-3841
4253
-2029
3459
3267
-4712
1499
-2385
2318
-4123
3588
4368
-235
-3732
-3834
-592
2096
4525
-2963
588
-428
4524
3975
4784
-4276
4558
-4644
360
1763
4777
2952
3045
-2491
2645
-4432
-1028
-2266
124
-566
3700
-2833
-3790
3560
1324
-2756
-3627
-3674
-4395
1022
-2534
-4079
231
2556
-3608
2020
-4413
4642
-4440
-4020
-180
3613
3596
-1978
-4741
-2899
-880
682
2210
385
4957
4413
1215
-4359
-1923
-4823
4044
-1361
3637
2635
-784
-2241
-341
399
4419
947
-2897
1780
-2106
-1132
473
166
-285
-3995
-4169
-184
1727
-3960
362
1497
398
-4329
-3413
4145
-2143
1486
-1254
-431
-4784
4833
4595
-2811
1844
1494
-3165
2433
-2000
241
691
-87
-269
4159
2353
1252
-1829
-2477
-2651
366
2249
-1808
3146
-210
-101
4020
4498
1301
-4836
-2022
-3623
-968
-297
4250
2216
3289
3246
-2425
-3148
3537
2400
2907
3839
-652
354
3015
-495
-2376
1471
-2015
1618
-1261
1294
3900
4409
1029
-708
-1197
4761
3911
2166
1109
713
427
-1257
-1692
-3284
4687
-963
-4240
-1373
-3340
-819
4187
-32
-821
917
-3203
-1221
-2101
4449
1582
-3613
-2365
-1578
355
-3902
-4985
268
-797
-2620
-776
1482
-842
4934
-4828
-2384
2293
3791
-2104
4854
-2963
3586
-285
4626
-3367
-365
-257
-4860
3022
1374
-4413
-424
-3753
3996
-2688
-988
-2757
3900
-1813
-2835
2877
48
-810
-2330
-2950
-1434
3829
1314
600
2988
-4592
-640
-605
-4215
2325
-4218
4770
592
3601
-3732
3655
-1807
-4595
-3879
-3004
-4353
2471
-1655
-4218
-3265
-2313
-3845
425
-1367
-1773
-4737
894
-1557
3575
-3355
-4537
-1576
-398
3220
1186
-2877
57
3413
-2138
-3613
-4199
-208
-766
3837
-2780
-958
1931
121
4831
482
-4081
923
2162
363
1030
-2369
-491
-1760
-1058
-1494
-513
161
2504
-1857
-2068
-3852
2099
-4466
4980
1241
1241
55
4614
-3974
904
-4557
1619
1162
2085
2847
-1846
1141
-3001
1135
4232
3001
2747
-852
-2059
-62
3222
706
2109
-3231
4949
268
-4054
2818
-4727
-164
-3017
1242
756
533
-3003
-2302
10
514
-4195
-401
-2561
-524