1173
-2911
3868
-3562
2856
1841
-1485
-1126
2235
-352
4354
4739
1087
1933
-2079
-2150
1757
-3682
614
-1243
664
-251
3595
-3271
-1205
1362
3848
-1819
1163
-3187
2925
4073
-1915
-695
153
3038
415
3207
3054
-1584
2476
-4211
3748
3769
863
1625
3843
3866
-3234
47
-3482
4515
-3581
-2431
4836
-2623
-1054
-606
-1478
866
-3910
-4558
-4438
4104
-2999
3553
390
-578
-3905
1773
4420
4532
-4070
-1977
-4736
751
2335
4725
2414
2636
-1961
3663
1872
-780
-2521
-2854
-4556
-1947
-3590
-967
-902
-4558
-1099
-895
-3151
-2161
2708
1646
2409
-3058
1931
2813
-758
4289
2240
-1661
457
1211
-3202
2359
-409
-2220
-3338
2294
-3026
-4053
3936
4885
-3842
-4
3485
655
1785
-1517
532
-1560
-4119
1064
-2965
-2928
-281
2729
4773
-136
-1275
-2414
4686
3020
3241
1344
-4115
-2802
2287
1113
4180
1715
-710
-332
2
2980
1566
-3744
-3129
3059
-1020
-4078
-4168
-4848
76
-879
-2739
-3477
2065
-2630
-2108
-4874
790
-4827
2596
-2872
1526
1108
1680
4984
-3991
-1061
4286
-3840
1868
4957
3442
2018
3693
-3395
3398
3593
-56
-4995
-632
-2428
36
3041
-2947
4102
1641
629
-2413
139
-2880
3268
2016
-206
2322
4556
-3200
2959
-2619
-4992
1471
3974
1732
2130
1926
539
1324
4794
980
1987
4092
-2200
1798
738
-2271
636
244
-3804
-3080
-3686
-4034
-3780
-1390
3505
4723
-1586
-2773
-4100
-3033
3714
-2167
-2190
-1328
-2864
-1200
-2174
-2970
-4878
-3222
1833
4707
3996
-3539
987
-2001
-1668
1758
574
-1347
4196
-2833
3781
2443
-146
-1459
-3912
969
4491
575
4640
-4279
2578
-2125
-1113
4566
2962
3729
3908
-1734
-2722
-607
2343
-1781
1084
4981
2568
-2033
1969
-354
4834
125
-1760
-4087
-1174
-2875
3389
3095
-121
636
3200
-4690
3739
-359
658
307
-4989
2517
3253
-2897
-50
3549
-142
3213
1142
1056
615
2344
2181
-1468
-4711
300
-3653
-3047
4215
-2680
3449
2711
545
2369
-3554
3760
-3059
-318
-1400
2296
-995
-982
-116
4243
472
-4915
3470
769
-4594
-2092
2891
-103
1299
17
-936
4402
-1458
-675
1708
3120
-2479
2452
1677
-469
-2753
-4137
-544
-2167
-2431
-1371
2432
2964
-2812
1657
-2438
2529
3006
-2499
1496
-4993
3819
406
4338
3497
694
-3619
-1095
-2493
216
-1675
4922
-3101
-2501
4842
529
-32
3331
-670
4748
-2104
756
3590
3136
1508
-4785
-114
-4806
2972
-934
3568
2683
2748
2426
-3875
1004
-1582
-519
1574
1257
663
4642
-4933
-3133
97
-4134
-2319
-982
-4898
953
3887
-933
-2619
4402
2216
383
-3960
-1896
134
3582
-1489
1938
1804
-248
2366
-4903
-2193
-1427
4072
3905
-53
4724
1022
-1088
4433
-1019
-453
-2712
-1751
-1050
1106
-1061
-749
188
-169
3887
144
1755
-2620
4356
-4932
-1363
-2742
-842
176
-3301
-2457
4236
-3060
2063
3461
422
-2975
4009
-2401
-3081
4902
-821
-4022
-2717
4491
1662
-4572
-798
3904
-4839
4995
3483
-2044
-2484
-648
-1521
-2037
-4823
3712
-1288
2455
-4550
3893
2727
3804
-2790
4150
782
-3583
1206
-2380
-1978
-4012
-2416
-3921
-4126
-4525
2488
4373
4555
4722
-3154
-3906
1379
222
-2842
-4457
-960
-3368
328
-1511
2445
1926
-3984
-2969
3081
-1244
933
1243
3311
396
-1044
-4600
-3455
-4177
2393
-350
3896
2741
2997
-3318
0
2382
-1690
3910
-3312
4078
3438
2735
-2706
3257
2750
4685
-1262
-4727
790
-4632
4133
-2538
2754
-4996
-2039
4891
2030
276
-725
-1205
-4887
-1233
-3884
3201
-3043
3947
-2716
-1162
2748
2536
-4312
-4709
-4720
-4774
4976
2056
-467
4747
301
3014
2078
-2525
-91
4534
-2561
2180
3948
-2843
192
-2005
-4148
-4196
-3600
-2214
4518
2609
-4765
3349
3065
3099
1233
1086
-686
-4924
-2079
2088
3061
-3580
2263
-485
918
1953
-3194
-2131
-4163
2938
-2810
959
-4014
1030
760
3695
-2972
-651
-4306
-4523
-2193
1500
-3183
-4758
146
-4995
-3602
4043
4912
-3568
2272
-3928
2323
-2578
-3017
2677
-3303
-1865
447
3352
1458
-2668
2936
1136
-3287
-3797
-4751
227
-2361
4333
2404
764
-2524
714
-3142
-3589
2456
2827
-1391
-3006
-1237
-2736
-4348
-2872
449
-72
3173
-3422
-2404
-2446
-1124
-3652
-2380
326
714
-3205
1688
1220
-1384
3560
-4978
931
-2757
4056
1062
-4021
2959
3517
3304
-2528
-4819
-1809
-2034
-4817
-1330
291
2072
-27
-358
558
-1677
3886
1800
-811
295
-167
-4574
2250
4727
-1582
-2801
4835
3228
994
-2140
827
-4888
-4097
-2405
4785
-2852
4474
-4165
1828
2080
1620
-4103
-810
2470
-814
-3453
-2820
3152
-804
-1852
969
-2773
-1707
-2677
1382
-1184
4931
-2645
242
-1423
-3218
1021
2193
-2074
1449
-2503
-1647
1744
4262
3026
-2929
-324
-4015
-4461
-2955
-1282
4125
2190
4447
-3761
2042
2379
-1443
-827
4242
1182
-3544
-2074
-1067
-3533
-1134
4577
618
-1633
1953
-4002
-4953
2620
3143
2440
-1829
-4396
-4141
3772
-2686
-3174
1933
-507
4062
3731
2362
-257
-1240
1520
82
-2693
-3963
1083
-94
-2058
-170
-3002
3567
-1554
2813
4479
518
4662
-4673
3312
-728
-970
-4190
-1731
-1074
-4564
4960
2821
-1795
-4012
253
4151
724
1462
-731
484
2733
4192
-673
-2102
4851
12
-4051
-2633
1951
-2995
179
-1587
647
1689
1417
-2872
3995
4488
3382
1806
-118
-626
4232
-809
968
4861
626
3896
-2398
-3233
-4132
-1278
4076
2345
-2730
-2188
4525
-1217
2368
-3170
-2735
4012
-3542
4259
3970
-1265
4275
-1630
497
-4829
1688
3701
-67
-663
-2788
-3506
-673
-2447
-13
-1265
-257
-3883
-3663
-4013
-2310
432
4998
3965
4764
1299
-2606
4790
-2413
4243
1668
-4607
4592
-3605
-4719
-4747
-672
-1762
-4315
-871
3295
-2081
-3314
-4942
3444
2895
-1624
3174
-507
1035
-135
4145
4966
-3310
4006
-2967
-1510
299
-4965
3812
3666
-3881
-4986
2745
-482
501
-2641
3343
4105
4539
1984
-1272
3037
2155
1289
-3824
3246
-2188
-1269
-4273
410
2503
1679
608
3893
-2036
-2313
-1781
4045
-4981
165
-4615
-3056
1787
4129
-4364
2771
-3164
1436
-2192
-4130
-1376
-3326
-1367