248
-3732
-4107
705
4406
-2600
-2904
4812
-1166
-1835
-2223
-4990
-4638
4840
-1404
-408
1713
-4385
3756
2389
-4825
4730
3240
-3910
4685
4892
-1863
-282
3665
-3087
-4269
-1890
-2006
2484
-4349
3604
-3917
1612
4933
2769
-3716
-3843
498
731
-3138
-3584
4971
-4959
869
-2415
180
3162
-2528
-322
-666
-2326
2878
3541
-1188
302
1056
2698
4645
3312
-1332
3014
-199
-1075
-3411
2650
1124
-1317
-2976
1600
-2631
1892
3988
2568
1184
-1161
1512
-2398
2355
4791
-345
3014
3991
-2219
-162
-2143
4883
-4931
-2837
1126
-4174
-3659
-3673
-2773
-1192
2916
3909
4490
370
-2716
-2471
3350
636
357
4328
1938
-2572
577
-1630
2897
-863
1716
4439
-3834
-884
-2067
68
-707
4811
-3727
-2344
3720
3415
-1997
-1693
4840
-2476
106
4856
3337
-2241
4406
-1019
2072
3411
4671
-4955
4830
-1219
-3424
3313
2259
-860
3786
4383
-232
2196
-1879
-877
-527
-399
1914
4788
2121
-3695
-265
2927
-4503
1270
-4055
-4102
3100
1376
-3384
3615
1278
3508
3579
4582
-3165
2939
1729
-166
-4563
4070
4311
-1010
4761
-3322
4067
-103
-4983
-4968
-3304
-1817
-1102
-2818
3614
3658
-4567
4826
-4260
-1429
-3264
-2924
132
150
4191
3086
-1476
1376
2155
-2162
2094
-2871
3278
-4387
719
1681
-4562
2293
-4618
-700
3405
-4548
-4591
3219
-4988
2723
1611
2123
-4753
3655
4563
492
-4342
3384
-855
-3332
-4330
453
1745
1017
-388
3546
-2349
-1233
3983
2361
-32
-2564
425
4157
-2074
3801
-4718
-4885
4006
2870
-2549
765
4333
2730
-30
3813
-3303
4879
1683
4326
-1254
2477
-2017
2187
98
3480
4934
253
2312
-1288
1826
3189
-4461
-386
2645
2926
2051
3657
-2840
-3128
837
1973
-1057
4664
273
-157
-2128
2139
-722
-2819
4593
4959
-4104
2722
-1871
-2964
-4451
-2318
-1862
-69
-3892
-849
2139
-3320
2864
2560
1651
3869
-1914
3034
-766
-3390
3672
687
-3370
326
1412
3454
-4020
-170
2677
1051
-2447
-4421
1908
4913
1011
3410
2036
137
1143
1840
3612
4364
3894
-2527
3391
-3116
1234
-875
-3891
3447
1859
355
-4898
3132
4927
-170
3800
2110
3416
1852
-1438
4613
1517
1651
-1539
2868
-3773
4676
4752
-316
2602
1751
867
-4383
865
4965
-2852
3704
-4945
-1417
-2856
-39
845
419
-2376
2212
64
-3189
-1748
4571
823
-4009
-4874
4164
-3764
2995
4065
2091
-411
672
2093
-1342
2
3245
-2996
2733
-4302
2279
-3880
-2155
793
-356
-4055
-4450
-360
2937
3435
-4080
-3470
-2208
2478
-803
-2001
-1174
4368
1574
-471
63
2548
4600
384
3211
-1819
-587
-1785
-502
-167
3739
-3816
4687
-1452
517
-1014
951
4625
1452
-3887
4418
-2130
-478
-633
1097
2408
-1995
4
581
-822
839
3424
1482
1672
2543
-257
268
-2605
4214
3857
4025
1612
-4209
3058
1943
-4894
-2696
2745
2569
4585
4387
-3280
4480
-942
4728
-2467
-169
-2405
2022
1066
-3653
-3243
-2261
-2616
3601
-3174
-937
-3928
1278
200
-4711
2649
3822
-699
-4562
-1911
3461
-2046
-16
-2182
-3422
-3499
208
-2432
300
4161
1326
-3908
308
78
-4739
-3149
3710
-2202
174
2803
-533
4329
-3121
-2865
-3375
-4579
3604
3958
-4936
-717
1654
2468
-1258
-3961
-3945
-1122
3899
3957
-1946
1884
-4285
-2214
-4227
-1837
595
-1231
1956
4411
-1145
2916
-2874
-598
3888
233
-3633
-3931
-222
-2472
-3930
-1321
4791
-751
-2712
-2657
1058
-1216
4991
775
2764
1981
-106
-3262
-3400
-2592
-4574
1333
-3954
1833
-4811
-3955
4838
-315
-1980
635
1664
1621
-36
195
-1220
-846
3386
3254
-3053
3869
-892
-3384
-3990
-3321
1399
-3701
-4834
1086
4573
3031
3422
-1761
-3816
-3174
-2939
-4708
760
-4875
2389
2884
3418
-2758
2986
-1657
4819
105
4398
-331
-3912
4430
2536
4856
4715
-4584
-238
-4595
3639
-4618
2808
-1825
2200
-3823
-2116
-2120
2632
1099
-4061
3698
4136
-754
4508
917
-3822
-3393
-3219
3428
-1585
-2648
-556
-334
4827
4672
-86
-3612
-2723
1124
-2104
483
1597
930
2226
-1708
3433
2166
2054
-2838
3954
-3431
3040
1704
-4422
3534
4226
2334
4231
-3676
-1804
1532
-1757
-1423
695
3696
1657
4713
1379
2245
3258
-2188
4749
4619
-3813
-1788
2212
2400
-2536
-1935
4527
2303
4327
-2199
-4720
4241
-3646
-1662
3984
2858
2061
-1932
289
2751
-2065
1615
-2380
2408
-2078
3394
2694
-4760
-99
1379
1068
2501
4107
3573
2729
645
3100
3260
809
-2669
3063
3958
3895
4961
-4150
-1564
-4578
-4002
-2804
1665
2541
-1135
1464
1748
318
1464
472
-2185
1549
-4752
1870
1115
-4313
-714
2339
2919
1492
-4617
2598
4858
-4561
3941
1514
-4914
1591
2918
3861
2353
1231
-2805
-3031
-4820
2804
-3580
-2523
-1933
-2500
2866
-1417
341
4784
-1245
-2385
4640
-596
-1109
2799
-48
4289
1706
-4851
675
-1996
-4915
2471
2519
4803
4103
4377
1094
-4158
-2111
4911
382
3059
1876
1471
1781
832
1092
-1657
-4342
-4855
3045
1745
1336
-653
-2350
3657
-1758
-1222
-3939
3451
-3599
1922
-4519
814
-1335
1191
1348
-2503
3326
-903
4257
1590
2786
1068
-433
-4838
-4307
3051
-1651
2412
2889
4140
3994
-4927
-2907
985
-1401
2145
1172
-2110
-3097
202
930
4310
-4206
-3839
-3698
3915
-4974
-4867
-693
-3349
-412
-799
2897
-4431
-1953
2950
206
-3099
-3047
1509
-391
-2866
-1501
3794
-1867
-1726
-3301
-4141
-959
-4330
-4841
890
-2125
1523
-3784
1531
-289
-3597
4724
-2025
-2489
-527
-4787
-1313
4271
-3132
4856
-1324
-1586
3533
684
2413
3125
1666
-3726
4833
531
2017
-679
-1962
2641
478
-4549
-2157
-4625
-1893
2497
2798
1952
-4789
-2969
4159
910
282
698
-1865
477
-2318
4243
-3126
-2511
3628
185
-3498
-319
3661
1137
-148
2787
-3810
4194
-667
-3538
-1962
1257
-2482
1257
-951
-4722
4841
1254
-2644
4631
-260
1946
-3025
-2249
3590
2906
-2470
1553
-3507
-2904
-2566
-3758
-3088
-4852
-4592
3441
1321
156
358
-1979
2645
3477
-3121
973
3858
-4995
16
852
4077
333
407
-3843
3310
-419
-1895
-3044
4053
3035
-1725
-1410