-4716
-3925
-1101
3523
4341
-2048
464
-1663
-3693
-4494
1348
1986
-4199
-2149
170
-4174
19
-2385
-3188
-2795
2316
2543
-765
-4019
-4603
-2334
1880
3855
1235
-2334
-3441
64
-3838
1714
-1570
1120
-1279
-2252
2785
-2806
-4112
-3322
4177
-4455
-2708
-1739
3390
927
1006
-3587
3682
-881
-4447
3747
-1936
-1627
-3298
-1923
521
-4511
1930
526
-2944
-4965
738
3338
-4429
-3526
4370
-3083
1702
1049
819
-441
2774
-3736
-1644
-1540
-4020
-258
2362
-4366
-2779
-1906
-4651
3735
4447
3031
-2369
-3709
2099
1249
-3398
-2868
-100
2960
2760
2437
-293
-4609
324
1324
-848
2583
-4460
2343
-1458
-2558
-4619
-1573
3317
-278
-4962
2632
-4549
-4070
-4728
2347
2484
417
3711
4423
4243
1426
-3617
3506
4577
2779
4935
-3806
2949
-775
-970
-2772
-451
1372
354
-365
1428
-3801
4539
-2174
2876
1413
-3325
-3635
1690
-2107
-1780
2353
813
-3909
4880
-208
1974
3010
403
-3745
-4390
-565
4868
3212
-1368
-999
2177
-800
1575
4138
-1852
3798
3060
244
3552
4607
1295
-2027
2874
4277
-3274
-4649
1282
-4943
-3182
4413
4613
3432
2385
3540
753
-3109
62
-114
3460
4078
-4578
-849
1591
-2703
900
2479
4973
1851
-4961
468
-305
-2916
973
2390
-4336
-211
1539
2137
1842
2798
2860
-482
4435
2561
-4754
-3484
1305
121
-4265
4153
-4387
-2461
2534
191
-13
4150
-254
1548
4239
-2260
-4651
-4382
-2560
225
1408
-1748
-2134
4443
1727
-3756
1964
1072
3691
-2644
-1548
-3024
-1230
2004
660
2940
-4506
-1397
2866
-4633
-1798
178
-1799
378
-692
2214
-4792
853
-3234
-1962
-3547
-1100
-4251
1595
3599
-965
-1820
-2877
-2666
3091
-4751
1478
3684
-4732
-4483
2635
3110
4035
-1068
1640
-4226
-1947
1664
-4078
899
-2348
-3754
-3609
-3612
4542
4420
2733
606
-3810
1170
4727
1687
-2099
1350
-185
3327
202
2617
-3320
-2719
2821
3180
-519
-940
-3598
4510
4271
4668
3098
-1594
-4662
4608
3321
-4374
-421
1744
163
-1687
-3142
1495
3566
897
3477
-1088
-877
-4147
4800
-1629
-1081
-2474
-233
-16
146
-4662
-3261
1486
4709
4040
-198
-2068
-608
386
-4160
922
-3661
3827
-3728
4367
-2474
2582
1598
-2855
1768
319
4562
-2380
658
1344
1825
-2893
-2934
-2460
2891
-2254
-490
4798
1057
1846
3975
2540
-4129
486
3687
4642
3845
-3488
4946
-3538
-3456
-3047
1018
-2645
-626
-4174
-3951
-4728
3386
2081
504
1604
871
-3723
-1795
1698
-1636
-722
2861
-2855
1405
2971
-2451
-656
4912
403
1502
596
-4371
-4487
2360
1059
-4042
-3845
2826
1993
1568
3204
-3791
4330
-3859
-2981
-1090
-3946
-74
2705
1218
1751
3818
-3030
-3320
-995
-4655
-4736
-4695
-1612
-804
-4099
-1562
1921
2741
4162
-3719
2789
-2752
4410
-3136
3274
-3405
2807
1015
-3909
-3971
4597
893
3364
1435
1626
-705
-3373
-1477
-3227
-3048
2283
-2985
4494
-3216
-1534
2005
-2574
-172
-4444
-4937
4506
3690
4639
4982
-1841
4797
-676
-3547
-4577
-331
-2367
-4293
-2474
2545
3142
4384
-4108
-2148
700
-4100
432
-1622
4872
-834
-4923
2607
-1351
-1414
82
4141
1758
-3331
-4205
2249
-3666
3102
-529
3778
-4157
-1136
4487
4058
-4121
207
1954
2480
4458
3324
3748
-1968
-1493
2125
1728
1391
-3286
-1565
2093
4457
3635
-3447
-2612
-1190
2646
-2837
-3999
4565
-2362
1508
-3326
4226
4369
-527
-3552
1076
-675
2292
4731
1976
4202
-4766
2513
4067
-4260
-1339
-3262
-1836
-875
2760
-3982
-2577
-3376
-540
-1773
2164
-1837
4581
-2732
4584
1820
-4461
-2813
-3064
-2431
-4626
-4556
-2913
1360
2761
1635
1908
-2337
-123
547
2316
-4654
-1955
-2184
4441
-2193
1514
4740
-4689
4466
864
-2715
3282
-4350
1293
-1967
-1029
-2151
4612
-710
3272
-2281
-2190
3834
-3778
-4461
460
-3046
3845
601
-1895
-2407
-2865
-1077
-3917
1119
1923
956
1965
-2939
2568
3861
-770
3034
2906
-141
-1643
-3439
1825
3842
3768
750
-2846
4285
-1461
2885
-2624
-4693
4739
525
487
392
-2250
2073
-3221
-2468
-2255
1325
1346
4889
2227
265
3389
962
-3650
3540
278
-222
-4817
-701
4494
3631
-3074
1844
4662
3165
-2212
-2650
-4943
-1400
1140
-3760
873
2614
-1149
3156
4724
-2776
-279
1437
-1957
-3700
3748
-2705
4643
-4727
-1827
127
-3779
-3876
2868
1592
-4463
721
-2086
2339
150
-2671
-2465
1191
-4243
4180
-1059
-4532
3880
-4479
4482
936
2502
660
1337
1413
1574
1865
-2752
-2044
4516
-555
-2518
-963
3275
-2846
-4318
1128
-3678
-1169
-2213
3201
1226
-651
-1096
2991
-1615
-4394
-3455
-84
1381
505
-4549
-984
1801
1953
1340
4072
-305
-1696
3869
3688
3973
2901
2235
2435
-4062
3303
2662
-2977
4196
-1387
4758
4601
-816
-606
-4917
665
988
-13
4873
4592
1007
-505
4070
-1514
986
1031
3198
3696
-3434
3389
3636
1382
-3794
-4513
2882
-382
-935
3854
1257
3241
-1089
-2963
-12
-3948
42
3916
-3322
-2787
-2411
-1733
90
2338
2262
1674
1583
1405
889
703
560
3675
-4760
-4869
-1754
3636
-2130
2098
2394
-4637
-3764
4238
3199
-2759
-985
393
4891
1466
621
3805
3703
502
-1585
-2784
-1546
-890
3544
-1298
-210
-4276
1847
4381
-384
4817
2179
4317
1957
-4240
-4370
-2672
-4651
-3605
-2228
3871
1661
1496
580
1843
-1584
1611
2706
1497
1420
4268
2251
-378
-101
2346
3976
1433
-434
-4708
4600
1040
-551
-4013
1006
-3849
-3428
-4129
-1759
-1722
177
-878
3486
-1130
-2093
1156
-778
4358
1674
3945
-3295
4528
2939
1113
-547
4186
-2979
4608
4473
-3244
686
4234
4449
2027
-3813
-4640
-3760
-3937
-2914
-2292
483
-4726
-2520
1402
-150
978
-59
-534
2119
-3721
-2070
-4426
-658
2355
3815
3966
4691
-2866
6
2820
4186
-2698
3396
-2350
3876
4218
2156
-1803
2584
1477
-2366
-2223
1912
-4425
-4070
43
-3315
3375
3586
2559
2305
-3320
2524
3185
-1672
-2177
-2833
-1967
820
1848
-2871
3583
-2505
-345
-1078
4998
1206
-4972
4060
217
2407
-3529
282
-2871
-2927
-100
-1327
-499
568
-467
-2724
-4005
-320
-4780
-4994