-3251
984
2867
3937
-4417
-3217
2270
4857
-1585
-3035
-4974
1454
954
2934
3474
-2890
-3556
-3875
-794
4823
-3180
-2823
4965
1185
-896
4591
2264
2668
4613
731
620
3510
-386
-3285
-3799
1309
4616
4346
-1137
-2327
-4156
-2059
-104
-2040
-762
-682
-3511
-3791
-1020
-2601
4112
1160
-2927
1402
4131
1465
1109
1639
3652
3627
-1278
4492
4947
-2241
4201
-3650
-4972
-4746
-1122
-3549
-4379
1701
1242
-708
-4326
2345
3342
4044
-2752
1390
2671
-3085
2539
-394
4243
-1131
914
467
-1728
-1883
2921
4435
625
890
-628
-4389
1055
-4071
-223
4366
4552
518
-532
1562
-3513
-2380
-996
329
-1443
4008
-1937
2225
-2740
2523
-3803
4545
-2708
3966
-979
-1052
502
-685
-35
-1322
1099
-3242
3418
416
-640
276
726
-1088
3546
-2047
-887
1164
4371
-3387
-2873
2049
221
-1806
1875
-4885
3494
-1446
2027
-3629
-2183
-1293
1407
-3971
4499
-1546
-31
-3927
3897
-1825
-629
-1716
-4652
734
1158
1653
-2525
3328
1290
3303
1681
-1114
1115
1949
3188
3656
-3352
-4646
1497
2965
3854
-4309
4970
-2965
137
3274
-244
4236
4559
1583
-2081
2589
-2323
1787
3586
-1506
1471
1223
-4672
453
-4626
3595
2234
-3313
3668
3916
2880
2989
3685
-543
206
1538
724
-1178
294
1632
-2162
4940
-3913
-1514
-3849
-2961
990
-3090
-696
558
-4020
-3585
1524
-3818
3743
-946
3761
3772
-2555
-2342
-1667
3574
2983
2922
3312
-4080
1150
-3125
-3166
3356
-4925
-2515
-4875
3452
-2868
718
3472
1738
2153
-2073
1951
872
2938
3666
-2063
2953
1614
-3799
2452
-4774
3761
-532
2244
644
2471
2748
-2528
-1845
3042
-3236
-4202
-2933
1890
-1559
2926
674
-4850
399
3474
-3925
3062
-167
3993
-165
1465
-2855
-3130
-4119
-2688
-4647
-2545
-309
3366
-324
-4934
-2989
-2820
-1984
862
2384
-4437
1895
-4372
2298
3934
-913
2804
2304
-4937
470
-1532
-3910
-723
-4759
2424
2366
-4926
-4849
910
-2010
3290
1278
2816
4961
1339
-1873
-1052
-790
3163
-1268
1036
4120
1473
-1113
-141
-401
4186
2931
-4516
2028
-4756
-3307
-3840
-1586
-316
340
-1568
4374
-3863
-4395
-4484
-1984
3741
-2608
479
936
1601
-3393
990
3955
3954
3194
3915
637
-3034
2829
11
3195
-2457
2717
-422
-4391
-611
-2578
2216
2522
-4065
-1182
-717
-1860
-3555
-2644
3142
-3953
-1193
1322
-3406
-3361
-4901
-3568
3617
2918
2967
636
3131
2225
4017
-4678
-7
-2582
468
-3119
568
-713
1140
-1466
4122
2397
-128
1184
1240
-738
4758
4745
141
2509
-3950
-469
2049
-4038
327
-2788
4494
546
-819
2411
-3192
-1780
873
-4895
4614
3050
-3779
-1920
2822
-3548
-337
-2030
-37
4527
-402
-663
-3703
3479
2669
-1890
2115
3322
2895
661
-2367
2076
-3257
1471
3947
4241
4063
-4926
-3142
-3611
-452
-4655
4431
-3106
2366
-3085
-2234
49
2131
2953
3019
-2055
1632
4549
4071
-296
2527
2648
4450
4945
3433
-1618
3829
-439
1204
2272
-1919
-3119
1872
-2995
723
425
-77
-3051
3547
-2888
1777
1454
-224
4908
-4609
2990
-1767
-717
-4363
531
3797
-4184
-4379
1119
605
-371
469
-4759
-4417
-4769
-1195
-1584
3207
1056
-397
4806
2049
-137
4012
2432
-3938
1394
-4665
729
3945
-188
1164
-4967
-1822
429
1086
938
-4681
3293
-3941
-1346
360
-161
4445
2425
1975
3125
-2180
-3342
-915
348
-310
2567
-2750
3766
-2971
4377
-1593
2291
-4427
1897
-1006
-2854
30
382
2964
-1664
2926
3482
-358
-1415
-3808
-3785
-2131
-4560
1948
-441
1463
-4578
1763
-551
3132
-1993
-1807
-937
-2035
-3677
3669
4524
4898
-741
1183
2992
1633
-2210
3557
-4793
-1596
-3269
-92
-1129
-2891
-2523
4332
-219
2149
-3595
2482
463
-2568
-148
2388
2530
4135
-3256
3941
499
-967
863
734
-3453
2188
-3512
3088
4983
-3028
1464
249
3554
-3734
4700
4193
-132
2954
4259
1899
2291
-3337
1159
-4741
1042
-792
-1864
710
-3646
-4772
-1601
2865
-1440
2187
-2850
-433
1974
3839
4237
-1668
1231
4354
-1094
-3842
-648
2791
3166
-21
3876
-4726
-4589
-3589
465
-2264
-3483
3698
-3653
3071
4572
-3354
-146
-589
-2738
3608
-4299
39
1431
2338
4537
-3657
-358
-3310
2872
3118
3363
-2049
-2020
3691
4162
3877
-421
-2780
-572
-3612
1750
-3905
-748
380
-367
4181
3215
-3050
-4320
3490
4766
-1966
-2788
-1138
-2346
-2363
-375
-3862
-1777
-710
2137
-2258
-3185
-2465
-4837
-969
2426
-3353
-974
-2692
2581
3629
3513
3342
-2019
-2354
-4484
4022
1909
2806
3272
-4143
-982
-532
-2659
-225
-2484
2645
-4947
929
-4906
3008
-50
4516
-183
3359
618
-1481
-3460
-1192
-1675
-4122
-208
-22
3536
-590
-3866
4067
3600
-4588
-1360
4970
528
-1274
543
-2177
-2455
2657
-4989
4139
4656
-1404
2441
2994
1259
3154
-4433
-1387
-4510
1504
444
4167
3417
-4005
-2064
-2827
-4203
-261
1832
4844
3088
-1606
4084
4449
-4048
585
-2165
1109
-643
4502
3802
4798
-531
-1434
78
-1181
1983
2834
-4282
3991
-99
1331
-4650
2039
1567
-2526
620
2560
-202
-1542
3003
4075
3235
2657
-2127
4296
-649
4058
1532
-4827
-3914
-1971
-1738
3665
-4369
-463
3952
-3473
-1769
-1956
3146
-3451
-1348
2115
-2664
-4855
4524
3433
1023
44
4399
1032
2763
-1201
-3927
-3624
-4925
4271
-3239
2068
-4539
2316
-4139
1708
-1778
-3187
-430
2982
-925
-4252
1308
-83
1353
2961
-4338
2608
-4304
-3208
-2753
-2512
3130
484
-3626
-3684
-953
4960
-3300
4354
-4847
-1372
-1250
-1751
953
-4457
-2026
704
4960
786
-4608
-3131
3081
-2086
1204
1206
716
-700
3989
-4409
2898
4677
980
-4228
2916
-2633
3772
972
-1603
-2623
4152
-1483
563
-3038
-147
756
2200
-859
3177
4758
714
4257
-3985
-2615
-3677
2817
1064
-3058
3515
-4378
-3754
2034
-78
-3216
-1786
2758
1154
2017
1432
-2587
2284
-4065
1140
1489
-3406
-626
-2524
-3054
11
4940
2976
-2034
-1852
-96
2132
398
-2914
3169
806
2506
2835
-4561
-2929
4269
245
2983
-3419
-3151
4861
4051
1792
-1546
-4249
-2271
3494
-1730
2830