3346
3090
-4496
-3116
721
4748
-2154
3373
-1545
131
3705
1084
-2212
2889
-1648
-3639
-1768
1023
-1514
4963
-663
670
4567
-2469
-1769
4398
-3055
-2920
-2652
1974
-1405
2409
-462
-4319
-3969
3191
-3298
-2946
-56
-2141
2813
-4031
-2147
2216
-207
3689
4625
203
759
-657
1079
-1098
-1496
-4705
2250
-478
-2953
270
696
40
398
-3793
-3765
1412
-2377
3068
-4709
-4680
407
3238
1685
-572
-1252
-4652
-1322
-818
-896
-2044
839
534
-4852
-814
-3824
-1927
2737
-4467
-1258
4328
-4618
-3168
2736
-4633
2471
-3706
-4586
2318
-1329
551
-3952
-3226
3881
-2429
-300
1444
4332
-3017
426
1916
-1830
2827
2663
2054
4235
-3100
4362
4980
4608
-999
4005
3416
-3234
-3730
-4158
-561
383
-438
-4884
-3408
-1654
1174
-1267
2365
-3410
2730
-4739
4940
-3255
2672
231
2272
4835
-665
795
-2244
3079
1464
576
-4735
3843
1180
-4735
4842
-3070
1694
-511
-4520
-4685
4681
-2393
-4379
-2602
-4150
-3060
212
2488
3979
4249
-4131
-2756
1802
-1871
4862
2189
-2157
294
3272
2203
-4941
-834
3563
-1072
4230
-3879
-4327
-4242
540
-2100
-1480
470
-2247
649
657
61
1363
1618
-686
-2925
-3697
4134
4284
-689
-4370
-1366
2012
1350
-3480
-4478
-2872
1146
3026
3972
210
-1758
-1117
-4520
-3188
-4315
804
-3424
-4980
-630
-1714
4644
-4157
2541
-2881
1428
-2251
2291
2916
1778
-632
610
-502
-2127
1844
-2461
2924
3315
-38
-2889
4717
4347
-1978
-4634
2075
-4443
2726
3790
4283
-3847
-1115
-2815
2687
-183
-4093
4555
576
1419
4976
-494
-1083
-1980
-1869
3170
-4829
2727
4877
-4273
2230
-3114
-4266
-4902
895
-1610
-708
-2838
-2098
30
-4962
1019
-1208
4647
38
-4362
1475
4262
-3576
514
-1003
2610
462
638
-884
-524
-4666
-1564
-1282
-724
4959
3728
-75
1442
2126
3570
2126
-4066
4323
4321
-996
3044
3341
506
-1420
-3515
-176
1334
-1969
-2535
4424
-4938
-2971
3321
2393
-883
-158
4603
2027
1265
2060
2714
-1626
-1060
-3818
-3894
-3766
-678
867
3807
245
-3887
2592
1257
-2889
927
2019
3226
4505
1564
1891
-1369
-3097
-4571
-2152
-4918
-4702
-2842
2461
3487
3731
-207
-1451
-1804
-1029
-2933
-3357
-2455
2028
-2309
1890
3818
1650
-1540
-2932
3676
-291
-4315
2901
-3294
-3288
602
2250
-4231
3907
-3743
1857
3756
-881
-3377
568
-2083
1150
-2014
-1795
-2036
2027
-3725
4053
-4229
-2069
-4101
-1460
-4896
2105
-2850
1576
-4902
-1511
453
1328
4467
-1431
95
3175
-2996
-2331
1114
1773
1658
-4968
-1672
-3097
227
-4638
476
2715
3407
3098
3923
4575
393
2357
4217
-4451
-1283
-2700
-3375
3623
-761
2342
4446
2119
-540
-778
-2895
2611
-4122
-4291
9
-1247
-390
-2564
-2267
-1054
-4800
-1919
-4620
4037
1809
-3247
4998
2917
628
3144
1696
3399
3924
-1039
-842
2503
-892
2870
3079
963
3170
-204
3310
2637
-4410
4855
233
1077
-372
-1738
1302
-186
-1148
-4250
2942
-1588
-1089
-2775
-404
-4102
71
-636
-358
-2567
-2566
-1406
-4805
-1021
-1418
4142
1907
-349
-3773
-1945
-3886
1396
-2064
-4851
243
-1399
233
4765
-2584
-1459
-4370
1769
-2619
-1716
-940
2953
-4907
4686
-2039
-2109
-1651
-1717
3215
4271
-1732
3369
4848
-4227
1781
-1001
-1465
-4656
4390
3137
874
-2054
-2194
-4225
-833
4513
2719
-1295
-2689
-4238
-1084
-3258
-3954
4788
351
-725
-2222
1311
1167
4974
933
-585
1623
-1454
3441
-1822
265
-924
2231
-3676
1896
-3442
3660
-2424
-3108
-3967
4981
2722
-4999
766
351
-3042
3340
3341
-304
-4733
-3603
-2802
3508
-3827
-2146
1091
-3707
-4248
2816
-4003
-335
-4466
-518
480
-2825
-332
1065
2003
3250
2812
-1684
-2888
927
2880
4265
3493
3289
-3274
4115
-4412
-1538
372
3985
93
-1609
-294
-4288
3316
-4509
76
-1186
63
-2519
4501
-3143
2238
4667
-911
1394
-45
4124
-1683
-3338
1263
-3667
-3783
-1584
2021
-759
-2969
4336
3205
-3245
-2791
3986
3537
-187
-4328
2578
4557
-3150
-4265
4946
-3225
-1120
-3370
-3016
2194
2930
597
2183
797
-2610
-162
-3143
-800
2263
-2221
2590
2704
4605
1673
-1295
2900
-1254
-326
-656
-517
4205
-1816
-2132
-2286
207
-569
-2655
2929
3727
352
2970
-2276
-262
2418
-3395
-3348
-4755
2430
-2647
796
-323
2755
-4529
2798
-131
1793
-4764
-2675
1991
-2022
-4008
-3126
4788
2224
-3425
-1991
1961
4192
-1937
-2750
1198
-2632
486
4474
-4024
-4275
1080
159
2296
1314
-3986
4465
1010
-2359
571
-3284
1217
-1411
4063
-345
-4910
1142
-2417
3932
523
455
1366
3721
-4813
-2277
-2898
-1411
-1030
-887
317
-3021
-5000
-4670
-2868
-290
846
-1873
3051
-4571
4141
-2252
-149
-3820
-2087
2583
-1524
219
4719
-1440
2052
-4463
-594
-1669
4901
4950
-4661
-4596
-3880
3837
-4106
-2820
-3355
1515
664
2011
-3760
1544
2219
-3299
-1239
-2338
-2680
-2387
-3811
3875
-1330
2474
-2704
-4670
-4590
-3115
3658
2578
3067
-3662
-1025
-1328
-2997
-2906
-855
1788
1522
2934
2952
-1114
-3657
1068
2361
2719
3926
-1168
-1419
-3794
-1558
-1220
1811
-4929
-1906
-1851
67
-4085
-1768
3186
2358
2852
-332
-4674
-4876
4399
1278
3805
-1726
-985
-4438
-884
1767
1839
637
4896
-1516
2748
951
-1745
-1734
-3567
-1303
3131
-774
-3088
-4455
1214
-142
353
3199
1992
-316
-3738
1119
1940
184
-2097
12
2757
1226
4237
-2224
4296
-3593
-3207
-136
-2041
3865
-709
2824
-1211
1647
-2749
644
285
3130
1783
-1168
2149
1940
4851
1879
2068
3338
-3766
-928
1286
-2392
2928
341
4709
4607
523
976
-861
3187
4180
3274
-4433
3018
-916
-3437
606
-3893
-2571
4743
1592
-4465
2096
-183
2844
-260
4500
3241
-1226
4568
-4042
-1742
1417
2765
4314
-1286
-2927
3729
1502
1143
-3416
4856
4532
1749
-2978
3590
-359
-1488
-918
719
-710
2492
-40
-3839
-1449
-2485
-1066
4846
199
3783
-4061
-2086
1551
-4908
3827
1776
-1090
-6
4841
3439
411
-4849
749
2207
2175
1518
-882
4707
910
2233
-1611
919
4299
2925
-1141
3975
-4248
-4786
-972