2430
473
1185
4895
2414
-1094
3123
4872
-2583
1353
1987
4093
-2401
606
-4656
-2804
3964
-2960
-2230
768
3003
1749
3885
4073
-722
-1157
1245
4169
-1991
-3529
4515
-1429
2637
-4739
686
3674
4878
4739
-2420
-2875
3801
3385
-2627
-3373
1281
4035
4151
-4736
3082
-4400
-2884
3962
-2224
-1382
419
-4927
3825
-1975
-420
-1135
-1234
-4767
-3309
2620
1952
452
696
1506
-315
2890
4139
1842
-3861
-2039
2640
-3904
2095
-4519
4162
-1557
2891
1325
-1375
1765
194
-4612
-978
2997
-2991
2365
-330
4646
-2563
1530
2973
1533
-1866
-2741
-1717
534
4849
-2517
4529
-3526
-4815
-2322
-4840
4904
2754
-344
-232
3381
2569
-3265
-4610
-2481
-531
-2524
-1784
-2475
-4053
-4682
-2247
-839
-953
4799
46
-3588
626
2037
1261
-2241
956
2480
-2643
240
4011
3618
2163
-3048
-4129
-3930
-3400
1981
4683
-4059
-4151
-3526
-1264
1382
-680
4382
-68
-652
2645
1984
703
49
3004
3551
-1228
272
-4413
-1833
-1366
-2116
-4830
3957
-816
4598
-1198
-1059
-4046
-505
-387
231
-3643
-2920
3560
-4055
4576
-2678
111
3271
-4633
1633
-1773
-244
1345
4171
2494
2153
879
3474
-4523
2269
-1083
2698
148
2244
66
-1012
3509
1779
588
-1580
4762
-1205
4032
2107
-393
-1796
-2831
-3761
-3359
-2675
-3818
-2405
4981
-406
-3470
2756
-3045
-163
-2403
-2539
-1519
-3054
-4326
1498
-245
1651
-1130
-4962
4564
3649
-3221
2878
4783
4267
2419
4994
-3254
3927
1231
-1232
1685
-3027
1235
1221
4883
1151
4122
-4012
-4120
-3773
-399
-3891
3476
1810
-923
4964
-1933
-4472
1363
1431
2991
1630
-4968
2679
-2535
-4976
3593
-4901
-2492
-2872
1235
824
2818
4198
2399
-2710
-3163
2564
-1659
2449
2982
-4052
1858
1820
4905
3906
-660
3647
1539
3887
-4456
-3623
-976
-436
1284
527
-166
-482
-1055
4175
-1510
-3967
-4104
1415
-909
1644
-2167
2382
249
-395
3552
-4701
-2639
-58
-347
-867
-768
2501
-1215
3235
-2485
2861
-806
2327
-4065
-3258
-1277
2327
1310
4950
4289
4250
-3092
-272
3578
-2050
-3585
641
-1314
509
2084
2512
4708
3275
2820
-3512
3874
3920
710
-4767
4887
-4759
-3816
1464
4716
1576
-4576
-3331
-1132
-501
-4172
1269
-3386
1034
-4133
332
1234
-216
-2566
1956
-2974
3167
-4932
673
3549
4369
-3801
1700
1720
-3719
-2103
-2527
1805
2909
-1759
-3246
4645
-1968
-3535
-1890
4997
655
-2487
2949
3505
-2729
2857
1283
-1077
2688
2446
1336
3225
-2858
-4239
-3734
2035
-4833
4450
-1667
-536
-1282
-932
3825
1685
2192
3768
-3788
2312
1133
-2274
-1739
-2759
-228
4269
770
-760
3102
-982
947
2828
-2399
-2724
2820
-446
2871
2650
-357
31
4953
-4232
2044
-705
-636
1486
-3149
1012
3634
-30
-4620
-887
725
2426
728
-3337
-1311
-3844
1317
-3201
220
3561
4751
1004
2315
-2046
-4989
924
-581
1500
3950
-3759
563
-720
-2515
-4062
-1055
2800
-1792
4942
436
-2954
-3781
4475
4763
375
1905
-2334
2936
4102
-4076
744
4859
-763
-4045
1700
2172
-268
-4791
-4687
898
-1398
-2766
-4449
-279
-3584
-955
1819
3345
-758
4282
1387
4067
2949
1369
-3078
-1822
-4972
-2565
-1471
-1612
-2414
2608
-3340
-2488
3011
-1378
3410
-2573
4593
-4116
4016
2449
3161
473
2398
-251
3933
-271
841
-2542
-3539
3967
4630
2538
-509
-1544
3856
-3525
3250
-3492
579
3711
3780
-1987
2491
2193
3994
-2688
-2369
2943
3977
2944
1184
-1681
-2626
-2397
3677
-653
-4884
1572
292
38
3860
-2363
350
-376
4355
-2575
462
2652
3638
2773
-1183
-4210
3273
4431
760
-2694
4808
-1541
-2781
2774
1072
4095
-4404
1945
519
-2571
4574
3718
-858
-3743
-4089
4885
-1237
-2212
-1568
4822
1287
2362
743
1206
-3111
-11
4633
3902
-623
-383
-1183
1519
2678
-413
1540
-276
3516
-2470
-805
4324
-2375
2116
1254
-1991
-4724
1613
3327
4887
173
1364
-3494
3398
-4324
3443
1557
3759
-3185
3961
4087
4841
-4872
-4671
-4724
-4510
-4822
2009
4427
-4587
-571
3187
-2059
-466
3154
-4895
-395
236
-1295
3761
3939
-4915
4746
-2928
-3353
-163
2308
-4990
472
-4705
4647
558
-1817
4902
-4809
-4851
2631
-1976
-490
-731
2013
-2288
1499
1540
-1056
-442
3628
1563
-4082
-1509
-174
-648
-1678
-1706
2288
328
1508
2796
1415
-3802
-2575
3001
-1783
-1389
-2158
4228
13
-3314
-4657
-1071
-526
-386
4996
2587
2334
-920
1175
-1619
3995
1574
-3888
1169
3008
-4310
3042
-1844
-2075
1412
2391
-2106
-4403
-952
584
2517
4145
352
-3783
644
2851
-4923
-1404
3334
-2401
-1143
4650
-1949
-3055
245
2077
-4259
-4763
-3410
3156
-1078
2247
1986
-4088
3026
3360
780
-238
2870
1769
3267
315
1964
-1994
-3002
4054
-2699
-4694
420
-4849
-1100
4864
-695
1421
-1846
1465
1271
-1070
2051
-3537
-4737
-1294
762
2908
1919
4434
-265
-872
4331
-114
-277
-4946
3049
-2475
3900
-228
-1142
-3922
-3034
-2493
1303
1023
2885
4749
-1607
-2768
-3366
413
1590
4504
792
-383
-2705
-3753
1630
-107
-4567
-1810
843
-2272
353
936
-4785
-2539
3608
-1398
2553
3309
-3471
-3961
-906
-4707
-4595
230
2429
-1340
-3162
-578
-734
-199
4453
2438
4685
-4789
3474
563
-286
943
56
1378
-3618
4292
3425
-3940
2262
-1114
-3009
3067
-3832
-2762
-4312
773
4562
1426
-3814
4470
2858
508
-4942
-4023
464
1121
2596
4527
3434
669
-1037
1462
-4739
-41
697
-73
-4161
1149
3210
-121
3881
1345
-1224
3228
2827
3514
-2521
3163
2487
269
-497
-2145
-1813
-2415
1449
1074
-3771
-1
341
-923
2720
-984
-2740
-3914
-4298
-2629
-1460
1100
3182
-4597
1071
-551
-3910
-1344
-3475
-2334
191
-3527
-4756
-3116
4632
-2361
2648
-1387
4117
-2985
3236
-1090
1024
-3179
-762
559
1457
-785
4919
2102
-4544
-4743
-2062
1249
1059
-940
489
4372
-2268
-3303
-1043
-3061
2706
3254
136
4071
3555
2058
1978
3114
-2780
2861
4282
2750
2282
-3858
-3787
-3905
-4884
4810
4084
390
-2061
-4383
-617
3342
4270
-817
2920
2233
-938
-668
-4613