-2457
-2134
-2878
4178
3694
-2732
2321
-984
2017
-1085
122
3830
4849
179
-4227
4005
3645
-438
2884
-1901
4657
966
2601
4597
1586
-3236
-1045
775
4641
731
-151
-3888
-360
1713
961
4279
-2211
1520
2513
-267
2671
1587
-4261
-3804
1722
-4183
2624
63
-2578
-2861
4111
148
-4410
346
1352
2074
4819
-1579
-1278
1243
-1350
3163
426
1155
4363
-4135
-966
-738
-2297
-506
-276
-187
3119
2706
-2653
-2697
-2396
4327
2167
4521
4029
-4229
3327
2763
-1584
2968
3690
-3731
2929
3503
1132
-4124
3742
112
-2259
-236
-420
1710
1642
1192
-2428
-1811
-3078
4896
1789
3355
-3934
-2239
424
-1207
1112
-1037
2445
3838
-2088
-1078
-4779
4593
3038
-443
3913
1982
943
1281
-132
-3857
-4065
-2945
887
385
1825
1525
-1320
2968
2957
-2542
-4759
3043
-3834
-3347
2135
-2663
3281
3413
2438
-3319
24
-3017
2294
-2732
-3775
986
1160
1966
374
4278
-334
-4353
-2946
1221
676
-1006
-3758
-1081
-2089
-4627
-4770
4846
-1330
678
-1685
720
295
488
1494
-1344
3382
4810
3956
3528
-1797
2280
1360
3074
-918
2079
1239
-2742
-2158
3450
-3106
-344
3752
2225
-903
4532
1072
3353
1785
-3029
-2745
-2661
3440
3675
-4282
1390
1170
-729
-599
-4291
-159
1374
288
-632
752
1461
-2380
1067
-2146
3556
-256
-1669
-2302
2962
3703
-1732
3692
525
1312
2487
-2587
-4317
-3841
2243
3987
-1647
-1856
3903
-1658
-2323
2053
755
4022
3651
4023
1389
-1621
3082
-3126
3163
3504
3996
3686
-2711
-4395
-554
-1661
-1141
-3989
-265
-2287
-1495
-3479
411
-4602
3322
3693
2501
2961
920
-435
-4367
-1656
-2952
-1650
362
4860
-340
-4263
-2559
-693
-3606
3473
1183
1514
369
2207
-2274
2712
-3329
-882
-3896
-941
-2770
4064
4114
651
-2235
1263
-2158
-4930
2778
-1741
244
512
-2802
3180
-620
-2471
-2496
730
4320
3235
-4862
3877
-4595
2881
-3625
-467
-3271
-1184
-3225
-2010
1881
3525
1144
3092
-1660
244
1777
1547
2976
1712
-108
-260
-2105
-3288
3507
4699
-3147
4674
3559
-1238
604
2757
-114
-2194
2887
-4432
671
-3725
-4789
1700
-4845
-2896
-3416
-2375
4282
51
22
3453
883
-3961
1557
3470
1970
1530
-2546
518
4313
4095
-4412
-3190
-1836
-4128
-2258
-3712
3976
-4645
1949
1232
4402
-2099
-1570
785
-3911
4961
-2965
-3103
-3830
621
-1089
-323
-3180
-284
84
-1857
-685
-2906
-4620
4279
2748
-3129
362
2364
1811
3945
2965
-3262
-4238
1917
4318
-2760
-141
-489
3163
-3282
-3011
-1588
-274
3631
2350
4703
1991
2213
-946
246
-4588
4522
-1374
-392
1591
1300
2918
1173
-349
-620
2863
301
-1795
1552
-418
-1331
1725
-3493
-4827
4252
4256
-4362
-2385
508
-1192
3258
2632
459
-2545
2290
-783
-63
-3361
-3521
-3210
-3737
495
520
1771
2107
-3533
-4752
1908
-1456
749
-3369
-2765
-4473
3289
162
-4101
1440
-4105
-3346
-3571
-2919
-3161
2715
902
-85
-491
3077
596
1434
2479
3307
4970
975
3494
-4742
4548
-2717
-4179
3616
-241
-686
4521
-592
3942
4454
4062
351
2274
4779
4992
4217
-4181
-2720
-4215
4661
4934
-2120
-3498
2175
-3843
-1787
213
3089
4646
-4045
275
-3638
3570
-985
3119
-743
-915
-2105
-2567
-2081
1086
-2801
-4610
-338
-3360
2672
2957
1358
-3046
3303
-4113
34
2712
2332
3318
362
-228
3054
2354
299
1725
-2414
2964
-2216
3558
-1586
3919
-4915
3026
-1377
-3384
-1710
-66
220
4950
2521
-2124
-2130
4695
1296
-3214
1228
3305
4500
1017
-3199
-1496
-1649
4715
-4109
-3683
990
-4342
4725
2788
338
-4432
-3197
-1627
1529
-3782
3750
-4753
288
501
-2844
3803
-3561
2589
1517
-2024
309
3272
-2213
-4545
2884
-3165
-3632
2108
3872
-3738
3082
-1853
-27
4876
1687
796
4269
-4835
-4139
1159
-2038
4892
4504
3224
-2532
-2995
2650
4763
-806
-3253
334
-727
-44
979
160
-29
2764
-98
325
-2619
-4168
4549
-1445
1827
407
4789
1768
1559
-4679
401
2411
3453
1102
475
4401
3852
-1119
-2474
3276
-596
1333
-3913
711
4165
-381
-1949
-661
2188
519
1060
2332
825
-4012
1043
-28
1592
-4736
-2273
2038
2725
-4402
-2555
3866
-38
-554
2550
-4230
-1223
-903
1434
-3814
4921
237
3474
1817
977
-2172
-2525
888
-4892
-1446
-403
213
-4449
2697
-2795
-3533
-461
-101
429
540
1854
-2779
976
-3408
-919
2171
2882
-3692
4267
-3157
2569
-995
-69
2952
-4151
-4152
-2696
1171
2834
4680
-2099
-840
3683
578
-616
3115
2221
-3832
1104
-4911
-3250
4029
3966
1786
-1745
805
-3529
3972
-3489
280
4031
-3402
3437
1673
1930
-3884
2129
-343
-4710
-4753
2404
2780
-789
-3240
-3115
-4402
1138
2447
-3522
-4165
-3989
-962
-141
-4066
4434
-1155
3331
2180
3948
2575
3376
2948
3835
3664
207
-4520
3453
3058
-1096
3396
2584
1249
4956
-4516
-3650
4257
2831
1378
-4034
-4684
-1556
1462
445
2239
-543
-2660
-4869
714
-473
3215
-3773
3116
1307
3595
390
1155
1423
-3637
1370
-4300
-2904
993
-4426
4212
3888
-4901
-4358
734
964
1006
4549
1634
-217
3137
-3832
-1513
-405
4036
-2581
3306
4371
1684
-1583
1992
-3117
2146
-3706
1166
1860
1324
-2965
1097
3883
-3944
-1293
-3997
2487
-1924
-1212
4365
284
-961
-2525
2214
1181
-479
-4611
499
122
-3751
3394
-4492
-2750
-2698
-235
4915
1618
3773
954
3895
2935
-3629
4318
4402
-921
1361
3921
-1046
-1902
3116
4035
3571
3239
-2205
4162
1674
42
3725
-1624
-67
-76
-3805
-3616
3699
4699
-3395
708
2483
-1488
-4681
-2020
-3728
-1818
774
2484
-3402
856
40
-2642
2508
3208
276
-2385
3716
4483
-1553
-1559
2039
2720
-3715
-369
-4657
544
-4960
4377
-3596
4631
-532
-741
4566
4692
-2451
393
-2519
-4273
3463
-151
-929
1183
-2285
-1312
2591
2216
1068
-2827
396
4964
2533
2180
-2493
-3786
-3000
3327
-2771
-862
1146
-2212
-4583
2846
-1004
2789
4370
4504
-3573
1965
105
1766
3029
-2246
-4937
-1678
1199
2623
4811
-403
1432
-3056
691
2282
3674
1296