-4081
-3272
-3603
-4198
2485
4481
1879
1784
3896
-2912
2178
-4097
4338
4876
-4700
-545
-2695
366
76
2981
2436
3313
1819
573
3023
-442
-1919
-3508
-2808
2258
-1551
-4243
2044
3091
3626
-1513
2772
2662
-2483
4277
633
-4487
-2673
30
1290
1722
1485
-1387
-3294
-1325
-3533
-1577
-1874
-1503
-1714
4952
3293
-4039
-1356
4333
-3046
-2877
-1703
3992
2279
-157
-3237
-2186
4508
-4495
1352
-3417
-2901
-1005
3314
-2984
-2147
2937
-796
3299
-288
1100
-4796
2350
-743
4072
1435
-429
-3527
-2668
1022
1060
-3097
-219
-4016
-318
-227
-1227
-1374
254
2542
-4779
-4451
-4678
-196
747
-1144
-271
208
-985
-1578
3987
301
-589
2213
3370
1935
1925
-1312
980
-10
-1978
2930
2128
-752
3577
1823
4001
-2713
1873
2729
3127
-3354
4813
2241
-1343
-1694
4269
94
-2215
-3852
1847
1711
-1078
354
4364
-2264
3974
-4165
4363
4930
-3544
-4166
2186
-3320
-1019
-808
-809
-2941
1095
2353
-917
2379
2
-3771
-1492
881
2343
2468
-2376
-340
-2154
-1323
-1855
-1698
-881
255
-2734
3539
-3321
-2405
-1842
1348
3003
-3592
-4447
2857
4909
3629
-2607
-4931
593
-767
-1235
1539
-4776
-3297
-291
-3498
-2080
161
1538
2578
213
3126
2449
-613
-4585
-4750
3350
1386
-4982
1918
1859
-632
2320
-3586
797
-3955
3113
2080
-544
-1578
1171
4531
-2388
4880
4540
3093
1938
-4854
4673
1791
1644
-3093
-2839
2605
-459
196
-4070
4024
-1167
1745
321
-3918
-694
3371
4875
-3652
-4513
4396
-910
734
-3029
852
-2034
-4488
-2124
1699
-1958
2877
-3444
-3348
4864
1693
4516
365
-4652
-980
4045
1493
593
775
342
3605
4753
3813
-1091
-1954
-928
809
-1482
3687
-2685
-3258
1642
-1211
4211
132
-2340
2106
413
3087
-1096
-3199
-1333
-3861
-3606
-520
1492
1974
997
4684
2101
2468
-4993
-3409
-1312
-1162
4791
-2402
1439
-710
3761
-1645
-4419
1281
1725
-886
2563
1882
-4386
2548
-1446
-738
-3685
-1719
3015
4447
-3563
-2015
-1800
3080
-2804
-3876
-2194
3828
306
-2478
1956
514
-1790
-3319
-2923
-986
-1752
2007
1606
-3542
4614
3953
-4494
-696
-3678
3052
872
-4904
-3253
3306
3775
3489
-1158
-3860
853
-4570
298
2827
2855
2316
-4024
3500
-520
-384
222
-3985
-4798
-322
-4408
4701
3117
3592
1047
2366
3661
197
-3980
2158
482
346
-2575
1971
-104
-2579
4186
-4053
695
-463
1800
3420
2035
1742
1438
-4670
2067
-4943
-1923
-4732
1673
2710
1211
3810
4690
2634
-4162
3430
2069
505
4527
-4510
101
3109
294
-1488
-1606
-2056
-3946
3785
4414
1821
1404
-3056
-2058
1785
1001
2396
4330
-1190
1510
2734
-1464
-3096
-2528
-4093
-2506
-1622
2701
40
-4814
4660
2518
2645
-2786
-4254
-427
2316
637
-4625
4186
650
-2562
-220
432
4522
4900
-2792
2742
3808
-4684
4280
-3203
-2163
-4724
209
571
1879
3100
1348
-2566
191
-4805
-2580
4523
1770
-4813
-3129
2825
-3585
-4692
-836
366
-1920
-2930
-3717
4254
-4384
2506
-3234
-1948
-3026
4784
4967
3432
-1449
-2898
-893
2392
628
2186
-3151
-93
-1697
3744
-3029
-4335
-546
897
749
4180
-220
1559
8
-1783
-617
-3230
2814
2653
4181
3141
2044
-4420
3264
-2326
4335
-2712
-3815
-1297
-480
548
4101
-3164
4969
-2311
3677
-3840
2760
3707
4459
-3419
2481
1924
2728
4437
161
-4209
4261
-4357
-4967
-4716
-711
-785
3903
-2352
-355
-4217
186
320
3649
4810
2201
-793
4229
-1451
4291
-979
-1607
-4855
-1441
-1306
136
-2678
-141
-1114
-443
-2938
-3859
-4690
-930
1939
3767
1187
-457
731
-1224
4522
-4727
-1185
3775
-9
1045
2654
-4935
-781
3726
-4882
191
407
-165
-4366
1161
3058
3422
-1019
-3226
-3476
2122
2395
2272
-2150
3961
-2311
-4610
2904
-4934
2487
-3742
-2831
-1847
-1178
1940
-3013
1817
1335
-983
1411
-1545
2994
2795
489
4746
1299
-1737
3349
4353
-2961
2603
479
2679
-1618
-2060
-4186
3028
-451
3803
-794
4955
585
57
4633
4345
2803
4427
90
51
185
2048
4501
302
3015
-3476
-4015
-101
3605
4929
298
183
-2579
-1556
29
1343
1408
-2615
4777
-3970
-1988
4041
2426
-4552
-4062
976
-4823
2277
-4322
2705
-1585
1352
-328
3214
-677
-1584
847
3960
2035
27
-4594
-943
987
3017
1232
1058
-983
923
2640
-2276
-1340
4748
1406
-2379
4722
-4178
-3245
2704
-2724
-1582
4045
-4573
-359
-4428
2503
-1058
4781
-1668
1081
727
-1096
-3371
2337
-4159
3840
-677
4386
3757
831
1842
3416
1059
-748
-2123
-985
-1477
609
599
1991
-413
4481
-4385
-3155
-4242
-4423
2673
-160
-287
3002
1301
180
-789
3717
-4161
975
3845
1750
-4098
2124
-1743
-3746
-2668
-205
-2419
-3699
-628
224
-3358
-946
4881
3947
-969
-2157
-609
-79
3240
2451
4759
-3420
-2248
1967
-1535
3392
3836
3254
-2970
-946
-4120
205
-4980
1456
1161
-55
-3849
2761
-2927
630
2000
1092
360
531
4052
-2865
-4611
-1413
-1592
4040
-3651
309
1913
4996
910
244
1087
385
-254
-1374
2626
-2458
-2982
-2382
-2284
-2716
-3869
-2415
-4363
-2419
1735
-1626
4423
-3410
3565
1205
-3716
-4258
-431
-1247
-4925
292
1222
-2546
-2283
4309
2099
1319
3383
-623
-4973
-1681
2234
529
3972
-4710
2560
-4386
-782
-3123
3178
80
952
4976
-1859
-4337
-3742
521
4483
2060
148
3108
3273
3073
1813
-4369
-3262
4066
-416
1797
1133
-2801
3095
-2378
4430
1675
-2568
761
-733
568
302
-1620
817
4067
-1265
3869
2976
449
2675
1511
-3764
-4640
-4466
4796
2497
1267
-2437
2057
-4637
3706
832
3412
-1791
-2471
3883
-1471
1768
-2484
-2525
-3488
1798
1490
-4222
-4048
1063
-831
1167
4214
2638
-2778
-1510
205
-3755
1679
2232
-4408
-1352
-1185
-3947
3694
-4993
-2580
-3525
-3308
1390
-1774
2681
-3471
453
-2279
-2944
4403
-472
-2103
2348
-2182
1342
3201
-2980
4170
4508
-4505
1572
3429
751
952
-876
3063
4616
1983
-3662
-3523
-3694
2710
-1262
-3360
-101
-4057
-891
679
2766
2088
-155
1800
-2256
1640
3358
-4058
-449
4958