-956
4176
-1957
-1005
2638
3930
4749
1737
3962
-2543
3386
-1718
271
954
4888
-1838
3704
1946
3158
1710
4303
-4593
3576
1587
2225
-4877
1463
-1025
-4949
-2793
-1507
2795
-2586
-3315
191
-4065
-1327
3221
-3280
-407
-3473
-883
-931
-3070
-4606
-3707
-3549
2151
-4614
4105
2819
-600
1551
-2338
-4385
-567
3141
160
3874
3973
-2008
2473
2323
-968
3005
3528
2396
-4784
-4294
-4231
387
-4917
-3041
4055
4885
-386
-1523
-1702
2628
2500
1215
-3166
3865
3360
-2201
-4793
-709
-4606
-4260
4026
4993
2764
3513
-1896
-4054
-4730
3689
-2430
-4655
-1437
-4542
4598
3437
3874
2442
435
4739
-4390
-4548
4831
729
-3911
-4612
-1140
504
1629
3204
-2378
3541
-3578
3493
4311
1521
1470
-1968
3848
3803
1133
-4964
-461
1694
-694
-308
-650
3452
-3127
-175
-3484
3968
-2984
4964
-3577
2278
-4542
2866
-789
3031
3020
3426
1302
4288
2759
3119
-3560
-4935
-3674
4713
-1814
563
-3208
-2519
2080
-822
-4351
-3239
-4051
913
-301
4072
-4528
4546
-404
-1824
1784
3115
2821
-614
1100
4339
2351
-1641
-4443
-3966
-4156
-318
219
-3572
3796
1315
644
-1496
-1110
1871
3955
-1073
-1430
4190
-233
920
-3620
-3762
-3468
-2663
3156
-1661
-3024
4370
-3234
-2637
150
3593
-1292
-2468
-391
3332
4612
2568
3721
100
-638
1438
-1733
-3487
173
-4839
1784
-303
-2993
-2924
3655
2311
4694
-1864
3239
1168
-2211
-1411
3792
-2543
-2535
3775
1664
-4295
2208
-3031
-83
2799
3890
2809
-3042
-1423
-4953
-1089
4670
-768
1722
3301
-1940
2527
-1264
721
763
-2075
4803
652
-2657
3408
612
-2823
935
3451
462
-1898
869
827
2513
524
-3280
2429
-1028
2265
-1015
-4866
-2826
-1348
1181
3644
2269
16
2983
4425
-1526
1542
2325
4127
4003
4232
2160
-2410
-1688
216
820
3274
-2983
78
-4401
183
835
4257
3293
4387
-880
-2664
-1936
-2224
-3753
-1060
4891
4583
-1396
-82
-3876
-2896
-1769
2287
1776
3818
3780
3626
457
1778
-1362
-1107
-2902
1229
4591
-3135
4301
504
-3299
4388
-895
746
-3238
-4363
-2242
449
3089
-980
2790
-3102
2722
-255
-1443
-3548
1385
669
-3493
-3056
-3206
3235
3922
-1140
4969
-938
-1816
192
-3370
-2972
-1306
3542
4246
2770
1810
-496
-1408
-4133
-4649
-4029
-4167
-283
2607
212
-4084
4780
-2058
3850
-4093
2389
-1868
2126
-410
-748
-3292
117
-4739
-425
4121
-4409
-3991
811
-1856
3456
4472
-4434
3124
4934
-300
-767
-1432
-3098
3117
-749
3995
-3413
3901
1437
93
-2450
-3565
-2928
-2690
-4008
-3239
-1270
738
-2660
3412
2173
2706
3172
4142
1916
-3459
2952
-3390
1982
-3556
-3714
3840
-4158
3279
2504
1064
1200
-3732
2418
1329
-982
-3836
-3260
576
-2929
793
1372
558
-93
-868
3808
-588
2930
3480
-2941
1433
978
3181
4217
-673
209
-877
-3185
-1057
-4588
-2763
4874
-729
3704
161
-4513
818
2657
392
4958
-863
-4799
4285
-193
2699
-3439
-3247
-2183
278
-367
1747
572
-719
4396
557
2888
-1933
-829
4704
-4569
-3036
4477
-3597
-2038
-3920
-2444
-4639
1144
-1604
609
2721
-4974
3473
-4881
-1943
2621
1278
4576
4596
3493
-166
379
-1479
-4118
-1827
-1722
3846
-4508
-3655
3378
2077
-700
4220
-982
3071
1285
-1434
-1301
-2688
3225
-3515
2125
3376
2778
-4257
155
2968
-36
408
-2233
-1358
2989
3648
-3741
1521
797
-1026
-2005
4074
4023
1145
-1916
-1398
2813
-2648
4586
-4707
-4719
852
-768
-3917
958
-102
-2630
2697
-2907
2208
-3579
-4528
-1678
-3916
-944
-2654
-3570
4813
3423
17
1962
-804
-1034
-134
-4248
-4331
-1129
-2428
4480
1844
-1285
4479
1245
-1855
-3856
4085
-3893
4005
-4197
-280
-3415
-1545
1017
-774
-1219
3474
-3823
-4992
3551
1486
-2583
1938
-2634
3970
-151
-1062
123
1029
243
179
3522
-3010
-2600
-1340
1418
1306
-1076
2820
-4269
3189
4374
-4564
-2585
3986
969
-2112
2520
118
-3951
2643
-1395
-4739
81
-4657
-1956
874
-100
4848
-3019
-1760
-904
4174
-4073
275
4596
4049
3967
-1623
2424
1167
1626
-1289
2774
3750
341
1241
-402
3039
-1934
-4884
4463
-3008
640
3210
-3363
-887
3562
1205
4149
966
4258
3178
-252
-2018
-4447
-320
-2915
2666
-3020
1160
-1293
2302
-2103
-4555
4424
-1760
1006
-3017
-3267
4393
-337
-2604
4649
4832
-69
492
2966
-2927
1839
-2091
181
-1500
729
53
-2006
-4787
67
-3611
-2861
494
654
4831
2313
2504
1300
-1911
-4763
4484
2314
-4677
4533
4783
2330
-3079
1257
-4335
3248
410
-2035
-2488
886
3323
-3253
-4854
1402
-1064
-2950
-525
-2429
2762
2087
-2516
-3011
4844
3149
-3888
-3590
-1716
3250
-3536
2509
-4543
-583
-2524
3862
-4895
-1223
-3135
4888
-3239
-3941
-4149
-4380
4387
1477
3582
-2027
-1433
1513
-1833
4864
3254
291
-3819
925
4088
1115
-686
3829
-1875
1559
3012
2145
-4233
-283
-2036
479
-1261
3649
2790
-1044
-4425
-4688
3945
3739
4115
2347
-546
4306
3683
808
4605
4271
1
-2246
-3619
-838
-785
2103
4992
-1827
-3016
1049
-1793
1976
-1379
3047
-3392
3019
3831
2475
-3060
-1992
-4357
3713
2005
3681
1263
-4468
2788
4111
4838
812
-316
-3763
1444
-3454
2262
-4913
184
3320
-4293
-3093
2037
-4843
4534
-2832
2751
3460
1454
-936
2965
3486
-1422
1962
1005
-784
-4340
3919
2304
3821
2434
-2252
1956
-203
-2912
2826
2153
-4810
4998
-4877
3155
-3198
-3806
3295
-2743
-1375
-1560
2533
-3793
2011
4335
858
-2303
-281
-2216
-1146
1082
2274
-1402
4910
340
-1590
2911
-856
-3509
-3050
2232
-2651
3232
-2315
3570
2857
4831
-2141
-140
-3641
-503
-2215
-69
-1882
3715
3473
-3177
-1443
3972
4483
823
3664
-4548
-4764
4617
4878
2430
3937
4361
1158
3786
2525
-2032
-770
2097
4705
-3985
-2426
4851
2685
-4059
-2824
3017
3157
881
899
-2554
3215
-1821
4286
-429
835
-3624
1271
2428
3261
3143
-4850
994
59
-1660
-3657
91
-972
-1497
-1672
3295
-819
-2153
-4998
3621
3638
4849
-2324
-255
-199
408
2399
2184
-4422
1111
1945
4233