-968
-366
-4982
4461
-539
-441
2814
-32
1948
-530
-3237
2452
3966
2528
2949
-2878
4980
2938
1589
1466
538
-1628
-2716
3423
2300
-3019
-2556
4814
-2970
4805
-3336
1582
-306
-1909
-1677
2075
1414
-711
1406
-849
827
-4191
-571
-2294
-2804
-4782
-24
-3875
3221
1833
-3723
4851
-4244
-2217
-742
-4821
-2405
1365
344
-3332
4679
-6
4954
-3160
2774
1153
-479
-4462
-4834
-4382
-4764
718
386
2213
149
-223
1845
-922
-1723
-3850
2552
-303
-4752
-1485
-1122
1949
-4115
2445
563
783
-2059
-1767
-984
4459
3725
3417
890
1982
-452
-1397
4137
4619
3451
-77
4802
-3159
-2244
2973
2424
-2486
286
-4756
-4871
4713
-4907
-1127
-1972
3871
-1208
-1344
-4465
3154
4849
2549
-2885
-3606
-2865
3144
4319
-497
4518
1789
-2073
2473
-1846
642
-4252
-866
-3690
-2280
1928
-2872
4666
-1132
2821
-2611
-4195
3818
-4854
3487
-3022
4843
-1182
3907
-781
4327
4771
-944
693
-3085
2387
-1044
-1489
2136
4763
3351
3636
-4117
4153
710
-3126
-3775
4643
4918
4845
-2646
-4044
-3455
4222
4372
876
-2220
1266
-3657
-2097
-321
-2335
-1209
3703
2409
-3467
-3118
4775
-4204
3115
-4822
-2830
2803
-3569
4032
1445
-1685
3702
1434
-2145
4947
3578
818
3221
2332
-1473
3961
-3789
-1772
-2629
4467
4019
2487
-3027
4307
-4262
4232
2202
78
4773
-1745
-1442
470
-1631
368
2648
-15
4762
3772
2654
-4781
-1089
3404
-905
-2489
3294
1191
1285
1980
4647
-1709
134
3781
797
1155
-2567
4896
-4635
4079
4520
-4283
3555
-4726
399
-1807
-3846
1798
3687
-1919
-4803
3723
-4310
4045
-1210
-1449
-1068
-2805
-4237
-4658
-3191
4558
2770
2974
3334
-1804
-1566
-1379
-1188
3806
3090
-4579
2870
-3489
-3781
1889
-265
4307
-1159
352
-4769
-350
-898
-2401
-4545
659
-4367
-1039
1176
-678
1223
1979
-4691
1624
-1107
-4063
4342
66
3709
613
-2206
-1246
-3855
-876
1275
4563
836
-566
-64
4622
-3773
2857
-2885
2741
-4373
-1555
-2750
-3659
4214
-1032
-2128
-1212
-729
-2351
-3184
3923
3960
2302
-4172
-3078
-4581
-3957
4497
-3775
-3739
-2132
-3220
3112
-1859
2858
-1966
-490
2992
-1130
246
4267
-204
252
-3027
-932
4947
3196
3674
4948
-4473
-2806
-3398
-4022
-906
-3952
541
-4492
-4731
-4365
3036
4438
-3714
-1293
4659
4755
-2170
868
3464
-3261
3543
2199
-1075
3091
-1053
2675
-4358
-1744
2299
-2424
-2116
1672
-2054
2867
-753
-2080
-1162
-137
-1463
-3114
-2676
3181
634
2
-1415
-4449
-1168
225
1829
-1576
-2375
-3909
532
4135
239
-2381
-3465
4557
-3722
-4530
2345
1446
3911
-4488
1138
-1632
-424
-2724
-3561
907
-326
-1776
4879
-2150
1819
2819
-553
1194
3555
3237
1438
-4794
1715
-2753
672
-3279
4858
1499
-4161
4387
3501
2673
1528
-4895
2217
-1563
1488
2355
3156
-821
4107
-170
-190
615
745
4132
-4113
-4928
-2226
-4381
-1673
4015
-1904
4638
2546
2639
4651
4544
2779
1953
-4818
2917
-2240
-4873
3183
-4552
-1875
-1069
-4864
129
3457
-3711
-2443
-4683
1455
3602
-2269
2244
3598
4906
1026
-2189
2318
-4232
-4244
-2522
294
3201
-1436
-3475
231
4340
369
2127
-465
2111
-802
-1855
1375
1460
-3176
-3098
-25
4973
2878
-395
-4551
-3199
-3165
1680
-1809
4757
93
-1084
-1288
4641
1400
435
-533
-3697
-356
2110
-2404
2402
3050
4679
-1323
-48
-3020
-2164
-3290
-668
610
2045
-4288
-3371
3258
-2932
1670
491
-4124
208
3129
-498
-91
3005
1531
-3138
1966
4197
1979
-1285
3708
3141
-3283
4891
-2739
-181
2319
3973
3111
380
4126
-4667
3182
4433
-4004
3668
-2424
-375
-1182
-4408
-2312
-4979
161
-1300
-1058
-2536
4545
-631
-2682
4493
1246
1850
-104
3231
-2537
2384
2297
1009
4386
-1214
4830
17
-1500
-4876
2054
1481
682
-565
-1774
2009
-3242
-179
-4085
3674
453
-2068
-3006
3823
-3106
-1948
-280
-2382
3447
-3302
375
2261
3634
-326
2839
-1523
3788
-11
2214
-1856
-4957
-1650
-2774
4997
-3743
958
-3146
-3692
-3018
-2164
-4960
-193
38
2821
3562
3587
-2911
-3605
1489
-2731
-2433
3017
-3550
3677
-4907
3548
-2113
-4411
-2504
3729
-4696
-774
-2548
3289
-4737
-373
-4398
-4724
2979
-1489
-2639
2340
-817
1221
-4043
3281
-1896
-928
-3646
3651
-370
4449
1116
2555
-924
-2730
-4716
-866
-446
82
551
4127
4778
4300
-1371
3337
2188
-1488
-1385
-3255
3668
4163
-186
-4353
795
2924
-2914
-4695
-4709
-177
3090
-1620
2491
-1895
-2179
290
-836
-2456
4936
105
2192
3133
3995
582
-4738
-3968
2
3768
1783
2130
3540
1676
2761
-3024
2089
-4253
877
-3691
1090
896
-810
645
2365
3950
1548
961
-3690
-3834
655
-3981
-1044
-4845
1936
-2522
3967
4421
2895
-1343
-1052
1557
-1830
-3359
4249
-890
-3573
-2879
-2381
-1210
3989
2205
2077
-4691
4783
-4223
2512
-3330
206
-3421
-1988
-3039
2681
2623
1184
-202
-2128
2029
742
-96
-1469
3665
4322
4447
1730
2738
1636
1504
608
2295
695
-2971
4344
-3028
3060
609
-2532
-933
2440
-3085
2429
-3350
-1488
-4702
1235
-4394
-2564
-1055
-4554
241
2013
-1084
-3022
-627
880
-4268
-3944
-3860
1836
3126
-4303
-4815
-1070
3436
991
-1607
-2764
718
-1388
290
-4341
2309
-1762
4080
2947
-3483
4151
3166
4908
-2232
-57
-1895
-4941
-4861
-3961
-4370
-4884
1909
-3260
-4383
87
-4072
-4394
3495
-4937
-109
1476
4170
-2502
-308
-1742
-2871
-2609
112
4500
1604
-4790
-669
1350
3229
1935
931
4692
-4791
2254
-2293
4632
-2689
-4888
2080
-4809
2606
-2474
-2712
-2189
90
3705
-1363
-23
-1480
-491
741
4070
726
4498
-4950
17
1989
-2404
-812
3596
-4143
-3125
-1349
-233
-1745
-3630
1723
-2478
4608
718
589
2175
2055
1521
2304
4493
-3796
-1439
1955
2946
4864
3830
-269
-3947
-1735
2715
3696
-1343
1962
3005
-798
-4442
-4920
-3165
-2473
-4161
230
-752
3477
1143
-465
-998
-4803
783
-565
-3096
-4410
3309
-3811
-4194
3781
4381
1016
-4417
-1589
-4997
18
-2092
4411
3765
768
1536
4798
333
36
-2255
-172