4656
3069
525
-3432
4911
2366
-4723
-2758
-4379
-3303
-907
-717
-4118
-896
2303
-234
-1640
-3965
-1543
-1578
3182
2738
4
4330
509
4017
1984
-752
-886
-2814
4212
3090
-4977
-2337
-2795
869
-4982
2777
-2538
3133
4729
-3460
266
4701
-2317
-3634
1263
-3770
343
3451
3883
-4115
4882
3801
3967
-2958
2692
-654
-664
695
-2597
1713
-4112
143
2378
-4309
-3902
-728
2815
1040
-1985
-2064
81
-2748
287
-914
2581
-2363
722
-3703
1276
3170
-3487
-216
1221
3177
-2075
2334
-4345
1358
3437
-2394
1632
-735
1701
-1697
495
-2608
912
-570
-1431
-4873
-260
-2863
-4204
1820
-646
-4326
3184
-1874
1270
4032
-933
3337
-2707
3016
4576
2695
-4684
-616
-2564
-3976
4586
-69
-4385
-1507
-4515
2999
559
-822
-1926
-3729
-4314
-2582
-3490
2680
2771
-1200
2797
-3972
-778
-2383
-4129
3282
-2855
1615
-2049
2388
593
-2573
-4148
-1228
-4673
1715
-1303
-3857
699
2480
-1663
2762
3055
2683
-1764
3728
3317
2425
1846
486
3296
-1922
-2037
-2448
549
1499
-121
352
2479
1273
4438
-1693
-3036
-2958
-3354
627
2128
-204
2890
-70
-975
3517
-897
1412
533
1919
3135
-1498
3968
-1683
1703
3452
3490
3209
4632
502
-3557
1004
3069
-3631
825
4205
-4951
2046
-1298
-1826
3098
1525
3329
-4025
-3073
-2927
324
-949
-3639
-3718
516
478
-4249
1179
-871
-388
4601
1194
-434
-930
1270
-2017
-3608
-1549
4772
300
-3701
-546
-1200
-2593
4371
1883
2129
2627
885
-2194
374
3746
3318
2055
384
-283
61
-731
-2217
1136
-4223
-3730
-1652
-4130
1305
-1196
1140
1173
-278
2101
2877
3396
-4059
2562
1452
-3364
-2691
2838
-3793
-1622
2097
1070
1561
-908
-1335
-1025
2060
-2912
889
3390
-3183
-2781
2997
-3306
-1007
-4658
-143
2205
4599
-1421
-334
-3281
-2167
-4293
4950
1604
-396
3033
-373
1227
-583
3565
-924
158
-1819
3643
721
505
-434
2695
3197
-335
-794
-2874
-4223
-2234
-3985
2522
-3829
-3779
4717
-4949
-1531
-1040
1843
4889
-4947
-2010
-3746
3341
1192
2429
-1061
-3438
-4069
-4576
687
-1627
-2849
2037
-3360
-795
3936
-1366
4790
-3393
-4455
124
-2444
-4727
1844
2027
-3373
-4083
-1866
-3400
-2830
1525
-4477
4955
4235
-4855
-2950
-3794
1319
-4925
-813
-3368
-1024
-1686
4562
-1833
-4322
-2533
258
-2909
151
2947
-2279
-1662
-3265
-883
-2836
2420
-3292
3333
-4908
554
2167
385
4618
-3812
-1663
-2080
-666
-3733
2743
-792
3903
1441
-1941
580
-1076
731
-1086
4985
-3767
-3143
-2435
-248
306
3362
3781
-4165
1312
125
-3739
1567
-4716
4914
1313
4488
101
4700
3742
-4464
-2857
357
-3028
1172
-2391
-2173
-3623
-4326
-1773
2706
-3883
2126
3718
3155
-3588
-4465
-202
-4798
-210
2903
1171
2249
-1429
-1500
4418
-3628
-3769
-4266
-3673
3414
764
3161
-2463
2435
-1491
775
4446
1526
3652
100
4675
3924
-2350
4236
-4146
-1183
-645
3637
-188
-4597
-4138
-566
2913
4702
4123
785
2445
1060
4204
1209
-4422
3538
824
3180
4294
2420
-4718
2171
2626
4258
-714
3335
1996
-1845
3009
-4072
4059
2527
60
2653
3410
-4764
1133
1619
-4091
3132
-3263
3768
-3073
-2126
-3788
1482
1083
-4771
-3952
1775
-2383
4381
-3479
-4313
-2541
-3723
1850
-1103
3958
1519
-2310
3364
4487
843
-1668
-2004
-4819
-2639
-2449
1803
2744
-4230
-4342
-2462
2575
-4311
-992
-1316
-3022
3318
-4823
-2676
2108
-3737
-3160
-1719
1983
2497
3858
-615
-137
1487
2691
-3008
3030
-1912
-1191
3625
361
-466
-3947
4541
-3099
4215
4901
3894
2822
-3657
2579
-1012
1657
-4425
3702
-767
2006
-3582
4306
-1618
-4350
-3487
3732
-2718
-1531
4912
2974
-457
1727
-795
-2610
-819
-3944
-556
2410
-1788
-649
3846
1466
987
-3486
-2665
1335
-3706
-1476
1167
-3612
-4465
666
3238
3296
1310
-3735
-4985
-3303
157
2855
3315
4719
-2647
-3503
2920
-3762
2176
-1271
4747
4750
-339
-7
-4467
77
-818
2049
3111
-283
104
-3906
-1179
29
4281
-2000
2763
2023
2611
1829
622
4783
-3759
-112
45
-2069
3234
-2052
-2252
371
-48
3339
3234
2907
-2130
-296
-2098
-2246
-1200
2787
527
3887
2742
2992
2897
-3717
-265
2536
4740
4454
3189
-245
-1441
1091
-22
2660
-2187
2615
352
-2049
3925
1422
609
1175
1345
-122
889
-2547
-1010
-4457
206
3567
-4818
-1916
4227
4135
-4950
-2620
-4885
-2374
-2279
4006
3044
3008
-4719
-1345
3294
4730
2146
-787
4296
-2335
2410
2204
213
2390
-2482
-817
1592
3093
3494
-368
-2984
2779
-4015
-4425
4257
2101
892
2610
-3475
-1785
586
-2167
2157
4531
-4312
-4385
-4410
2934
4483
-1465
4069
2830
-2069
-2811
-4889
-2077
-4618
1221
2608
4503
-2185
4444
-365
-2011
2385
502
812
3650
-4219
4373
2758
4952
1196
3468
1616
-452
4160
1781
-2599
775
-2771
4703
-231
2771
2289
-609
-1938
-1373
4027
2608
1249
1740
366
2878
-2793
-1196
1394
138
-869
-4196
2580
4595
-1620
-3833
1744
-4081
-4974
-523
3978
-1440
-171
-2976
-1899
2380
1214
-940
-609
2892
4920
-4202
3061
4420
4583
-427
778
-2624
2409
4727
-1343
1759
1604
-217
-2932
1097
-4143
-1949
-2547
-2836
3588
-1058
-1737
1474
-1712
-338
-4219
-1972
-4069
-644
-4387
847
-1665
-165
-1647
4413
-1025
-2372
-3248
1370
-2926
3722
2166
2025
-1685
-4933
-1307
-4216
-3023
-2373
895
4104
1542
3280
-2729
-273
-3199
4479
3769
-1837
-1555
1946
1071
1192
1869
1570
1222
2263
-3585
2248
-2098
2703
-648
2272
-2026
4511
-2340
-3999
3904
962
2290
-2161
4533
1817
3599
767
3569
-833
-570
4453
-4022
-2196
-3542
67
848
3484
4447
-3321
-3209
-3081
-462
2933
-7
-2991
-4160
-4268
2589
-775
1593
-1341
1575
-4712
-4082
4802
4398
-4624
752
2288
-1766
4101
-3472
-2638
191
4197
715
698
-4066
-865
1033
-34
-2621
-821
1161
1439
2388
-1439
3083
4291
-2805
1075
-3783
-4309
1685
160
-2805
-1274
2899
-3747
-4515
-1352
2803
-1579
-1068
1101
-1172
3286
973
2445
-106
-3999
-439
4611
-2929
-4097
1552