-901
2780
4616
-2009
-2422
1885
-919
2781
-3704
4505
18
-4770
4314
1433
356
-685
-314
-199
4126
-2123
-2360
-883
2310
-1732
-3591
-571
-3284
-2509
-3714
3689
263
2261
-1452
-2794
-3542
2105
1114
3860
2176
1807
-2841
3165
-2226
1908
3098
984
4236
-1303
2748
1726
-983
4268
4518
-1114
4933
-4727
-29
4387
3465
2173
-2514
-658
-2406
-3677
961
4193
4787
520
4259
-3046
-762
1819
-1918
1222
-1706
-3258
-116
-4839
-1644
-4812
1844
3299
-3039
-1059
-208
-745
3524
-3517
2404
1644
4669
-3637
-1808
3010
589
4417
-559
1396
-2305
3383
-4466
-3155
-824
4955
3186
3242
-4048
2785
1022
4524
73
-1219
-3370
964
-1990
-4413
-2102
-2517
3130
-4251
4928
1877
-29
-4654
2851
-2492
-4884
3224
-2098
2366
1901
3673
-4031
4701
-2102
3968
-1363
-3127
246
-1756
3056
824
2105
2853
1834
2707
-943
2134
824
-3501
-2819
-2563
2522
-4417
-3566
-2621
1363
-3835
4333
-4465
-4677
-3592
2466
3487
2019
-1701
1941
-3096
-1111
1746
-732
4498
387
2221
464
-2449
-4797
1224
-850
-3716
2313
4116
-2064
-2701
2473
-4078
889
2813
-4427
-2645
3568
2692
-2550
1149
-2485
-2388
84
-1146
-3014
2777
-1551
-4830
1654
1701
3766
152
-4694
-1339
4758
4328
-4545
4641
-2323
-562
2881
-190
1978
3455
3446
-3358
2186
4684
-875
-3924
-2086
-3340
4830
-4159
192
-2687
-4283
-4251
2644
3202
1582
-1434
4190
-3005
-3511
2269
-877
4321
-4679
-3912
-2014
-3385
1096
-361
-1304
3532
3824
1764
-2980
784
1601
-3403
4189
1059
-2826
1568
-1754
364
510
-1648
349
-2118
1356
-3385
2226
2014
756
814
1880
-1408
-4134
-4975
-3143
2120
4880
1710
2132
4319
-4134
-3199
1226
-394
-755
3559
-4335
-3047
3770
2060
-1451
1764
4621
-1415
1251
4896
4612
1566
4112
-2897
2869
-1534
3917
2858
-441
-3782
-4837
-3717
-2235
4307
-2485
79
-1072
-1913
2781
3996
2922
1821
2773
-1293
-132
759
-903
-3611
409
-2503
-4279
-3534
1891
-781
-2470
2864
84
404
913
1634
2439
3609
-590
-2784
-209
4834
4004
3279
-2657
-2439
1194
2787
4651
2562
-2274
-1631
-2552
1022
-3107
2324
353
-4251
-3527
3612
-2115
699
-4146
-3035
3386
-3886
-4902
2339
-322
746
3074
2198
-3736
-3384
862
609
4827
3579
-30
-2829
-1425
1146
-867
-1490
2059
2367
538
-182
-455
-1087
-3207
1473
113
2150
3102
-1159
-1323
-1161
-229
-467
4040
-4027
2234
-1659
-1476
3957
3143
-2349
726
1313
-1411
-2111
-3099
-83
-4569
-1000
-2376
-4401
-3878
4982
1328
1789
-1679
1494
3307
-3880
-2976
2557
-4503
-3389
-2374
-1796
-4597
-1322
-3009
-1576
2251
235
1703
-157
-2351
-4020
-3090
-655
-4611
-1918
4915
-3767
-3466
415
-2519
-471
-3721
-3814
552
-4500
4568
-228
2640
1617
-4713
3962
173
1545
3691
1787
-3215
-1051
4043
-3904
-3221
1447
-4102
-1831
3124
-844
1321
3528
4496
-4964
-1948
-1205
2994
4476
-1326
3149
-4665
-3000
-987
-181
3083
-2614
4087
-3061
-1900
-2263
3714
2256
465
-4346
2867
4872
-1107
3316
568
30
3259
-2092
1004
2817
4034
-386
596
1260
3466
-2158
-1187
3792
4520
4658
3974
-2429
2131
213
-3966
-3188
-2860
-1557
-3727
942
4434
-15
-2816
3765
-1176
-4169
3687
-4284
-1987
4168
-4658
217
-2872
-746
3959
-4060
3675
-3121
-1148
4788
-1851
-4147
2883
-4188
-1840
-4311
-2533
-4989
-3088
3526
4318
4845
2090
2883
-2464
2672
-3287
-1921
-2691
-1077
385
2041
-3131
-1027
-253
4327
2696
-876
483
1853
4740
2259
-4911
1506
2503
1586
4279
-4159
-1783
-4381
-2450
2632
4258
-653
-4979
2274
4454
4346
3276
-2366
-4904
3347
-2902
-2019
2473
656
-3972
-2658
3138
-2737
3663
1119
2126
-3375
4966
-1261
-3567
4230
4903
627
630
-1522
1633
-319
-734
-1167
3163
-1828
-2608
-2436
656
3754
-2562
-259
143
4610
-4781
-1766
887
-3659
214
3638
-959
-296
1632
-4769
2987
2949
-1477
-276
3380
-1911
-4388
-4064
2284
30
-4761
-4977
259
-31
4699
-2537
4567
520
4873
-2628
-1836
-3597
-1778
1388
-2460
1603
4344
-1764
68
-4409
1511
-1706
-1084
3171
3876
-2888
-1991
2654
-1700
-2314
-2539
4050
4851
-4917
-3976
-1063
1486
3916
4659
4216
1152
1386
2395
905
4657
3508
-1180
-2354
3562
396
3473
-864
-4334
-3037
-3145
1087
-1573
-4185
-3818
-1988
-774
-3184
-2293
-3309
2390
-1354
-1642
-431
2381
2368
126
-1540
-4095
-1822
-4853
-238
2120
-4232
4891
-951
-485
-2153
2751
-4730
-3163
-3422
-2344
1148
-2074
-2607
-3554
3018
4845
-2421
4901
4904
-65
4179
4064
3137
540
-4830
-2345
4895
-2920
3474
-3697
3573
2082
4452
1286
1773
4857
-3628
991
-661
-3743
69
-4722
4465
-3151
-43
-3404
954
-1588
-461
-545
1347
-2763
1858
2230
3472
3147
-4681
-217
1285
-377
-1530
3706
-1594
-2674
-788
354
-1676
2186
-4860
-731
729
-4812
-310
-3779
3755
-2463
669
3648
-2157
4203
-3722
-1552
-3636
-1615
-3053
1306
4778
1761
-1630
-2694
-695
-4466
-2523
2407
958
-186
-932
-2640
4024
609
1423
3388
-2897
4510
-3615
4394
4033
-121
-632
2157
4544
-1476
-4085
3136
1022
-3730
-2294
676
-717
4410
-4641
4562
-2322
-2344
-790
-4012
-242
-3652
-41
4490
-4762
-2892
1362
2610
1284
-2444
-1920
-2795
-966
-2543
244
456
-2327
4449
-1416
-2942
-3334
399
-2540
1963
3693
3509
4472
-4765
-2963
-2768
-2522
4517
2855
2864
4131
29
3042
-1669
456
-1625
-1958
-3372
-1142
3696
1510
-4529
1564
-968
-887
-2874
3752
918
-4446
-2215
-4391
-3992
3674
-3243
551
4650
4356
-4525
-2364
-1862
3158
-281
-1067
4122
-4213
-2150
4693
-4929
-3870
1215
1562
-3110
882
-3900
-87
218
-3605
1408
3904
2371
849
-2499
3574
3997
1633
2189
-4533
-1975
3979
-403
964
-4170
-2133
-2827
-1008
3841
-3691
-3634
-4265
2644
2060
-347
-4421
-3743
-467
3992
-370
-4485
-1090
1274
3048
-336
-1595
-1321
-3925
529
3109
-3481
339
4443
1682
4451
-237
-2714
4515
4138
1257
-3585
4722
2791
-2460
-3512
4862
-4779
3634