3881
772
1619
396
-3120
4894
-2562
-251
4500
2715
4570
-448
3282
2440
48
-2083
-973
-3732
4492
1771
2557
-2786
-3244
-1315
-118
-2194
3049
517
-1618
-1029
-4450
-1342
3257
-2818
3329
73
968
-307
3911
-3026
4204
4054
-2129
3433
955
-3067
320
3242
-3032
-697
-2992
-1603
-738
-311
13
2815
-4718
4524
3616
1313
-2377
1989
1488
-4366
4548
1319
2106
-3140
1748
1017
-230
-3067
-427
-4156
4039
-3115
-3433
1945
-2080
2947
4384
-2065
-3052
-32
-3442
-3384
3115
2118
-4294
2641
2375
3399
4919
1013
1739
-412
-2075
-3332
287
-4656
-1748
4787
369
-1172
-2008
-1895
-47
4494
-4478
938
-1185
3043
-4200
-1928
-2088
359
-232
3747
-2947
-2637
3989
1752
-3802
-4764
2415
1822
-68
-3377
-2648
2935
-4252
3708
-20
-4400
-2897
-4227
4690
2390
-2150
3
3094
958
4708
-3242
-2712
-149
279
-4179
4879
-179
-851
1032
-748
4422
539
1084
2956
-326
908
1048
-2807
-130
-2953
2994
4709
2408
1280
1296
-36
1238
2123
4301
-3913
1420
-3059
268
-2936
-1108
-1790
1959
-3568
-1565
-3891
754
-3186
-79
1980
-2432
773
-878
57
-3303
3799
-1382
481
3853
4881
480
3923
4351
2356
-3425
698
-3282
-2322
-1429
911
3290
-2465
-2255
1739
-525
2122
-629
1053
4833
929
1381
155
-4431
3200
4422
1698
178
154
-3682
-2341
3852
-3545
3523
-3682
-4843
3073
1279
3322
1273
-149
-2170
609
-1746
1655
-874
-933
3470
2559
-4240
-443
4842
37
-3206
3686
189
3561
4923
-450
3545
-3652
2039
-439
4352
229
2523
-4460
-2116
4982
2803
2720
2817
4369
-1953
-3528
-76
-3870
1475
3113
-1797
587
-2741
-1337
-4175
-4535
-2318
-2273
864
-3223
3336
3026
4467
1485
-908
919
-98
1673
-1827
2418
-2177
-2303
4817
1369
-1347
-1865
-1527
852
976
-3013
275
944
-4269
2971
-2347
-264
-3356
4629
3721
2507
3178
-1322
-2308
-2183
-4178
3836
-1945
-3499
-518
3587
1893
2946
-4957
233
-2740
-298
-1360
1030
2963
1392
2139
-566
1487
-3566
-505
151
-2805
3950
1798
24
-360
2057
-4299
-3660
2833
-4132
2991
548
2958
-3888
3244
57
-2633
-506
-2741
2715
-2650
2892
-2590
-2060
-1567
85
3223
4091
-4151
3790
2623
918
817
-1499
-2271
3478
1605
4682
-1581
3550
3828
3492
1292
3824
-2680
-1962
3800
1854
1756
-4968
1798
-4949
4875
-2816
1724
3862
4084
-363
2962
-3565
-3862
-3252
-1222
3969
2494
204
-3604
-473
-919
998
-4492
738
-930
-2568
-4719
1547
3376
-1252
-4069
2085
4176
2896
4136
-1718
2524
419
4810
802
4377
4334
3511
-2733
2819
988
-3193
2864
4861
807
-4021
1999
-1410
-4051
1607
762
3423
-2366
-2751
-3596
-2688
1122
-1378
-3091
-4807
-67
1717
4644
4203
-4324
1180
-3920
1835
3780
-686
820
-1120
3011
-2201
4418
941
1528
1577
-4338
-4527
571
-2762
4772
2867
762
1212
-242
4377
2891
-1994
-235
3896
-1685
1113
-489
-3833
715
-3384
3998
-3877
4040
-1226
3279
-3536
3438
2220
1621
-3499
-2079
645
-1491
-4184
-1429
2233
4311
583
2385
1141
-3647
4150
185
-1960
-4574
-3892
640
3606
-4905
1137
380
-3424
206
1645
1524
-3250
-3594
-3313
747
4735
4047
4771
1806
-3833
2848
1524
-2748
-2567
-4448
-2725
-3685
3891
456
4756
-1275
662
-4503
-3402
3689
-143
1742
3621
-2023
-366
-1208
4990
-1840
-4304
-3683
-3959
-865
4961
2167
1755
-1750
-4994
4182
-3427
3555
4792
211
-3054
-188
1507
-2464
-2776
-1993
-2683
-3465
547
225
-2212
-2149
4183
289
-4411
388
-3703
198
1857
-465
-2845
2876
4643
4181
-3198
4129
-305
4545
-3890
-4242
-3322
1293
-1575
172
3569
-4319
-2485
-348
-2461
-2384
-3422
4926
-2151
4558
4362
-938
-2781
-978
-3123
-1343
975
-26
-1467
1643
-2182
-4184
-2616
-31
3296
2735
-4430
4258
-3051
-295
938
-3749
338
-2153
-4045
2124
4275
2497
345
-1715
3709
4607
617
-2026
-1121
-3816
-4741
-118
-4793
-75
-1259
4609
-806
-4165
-354
-4854
181
42
-72
2770
-4918
4750
-2331
-4306
-4241
539
363
3158
1072
-961
760
1744
203
-947
-4404
-557
1303
-216
4195
3374
-1997
-184
-1212
-2087
4976
-1316
-362
3824
4482
2424
4106
-3957
3549
1479
-3200
-1734
-836
-4349
4479
-3573
2443
1653
-844
-2916
-439
-4824
-484
2304
-2369
-700
-7
-2064
-1315
2865
4188
-3590
-1109
2596
2739
-4419
3129
-2442
2753
3995
353
318
-1775
2329
-3387
-256
-2882
-611
1233
-3499
-2610
386
4751
-4873
-544
4531
4708
2846
1911
-4766
-4092
758
837
1811
4874
3429
4976
-4067
1473
-3748
3743
-3413
1744
535
3952
-643
-707
-3041
4813
1139
-542
4420
4082
-3160
4582
-4371
-2416
-1150
4814
-4406
-2590
3937
-4601
4638
461
-441
-2754
-3063
-3630
2986
4555
-3943
-1489
2930
-4053
-2614
2014
2519
-4773
-4929
4183
-4814
-3927
-3009
3118
58
1326
-4005
389
-275
-4194
4818
-4086
-2920
-4127
3732
-4983
-1815
-2050
-3026
1233
4815
-4174
-4017
2642
-3529
4370
-4177
275
-4666
-13
-2566
64
1353
4515
-4489
-3550
736
1848
3949
-2811
349
-2640
424
-208
-1447
4834
-453
1818
-3100
-1442
3499
-1243
-60
-3765
4898
-667
2850
1934
4454
671
-248
4795
1664
504
-4367
-2661
-4562
560
-4118
-2891
841
-2075
-1085
1081
-364
3336
-1968
-4982
1532
-966
3977
-2893
4748
3951
1354
2963
-4289
982
2264
-4895
2292
-4029
-2861
-2689
-4099
-4960
1015
-2869
-4041
2160
-4774
-1356
-4649
1995
-1426
-512
2260
-3030
-1590
4778
-3551
1243
-2421
-2533
2180
-3195
1245
1276
2921
-1112
3864
3577
-1204
-1886
-4132
3627
-3142
967
3142
-1334
3226
3014
-4871
3068
-1787
-1743
1730
-787
-4239
-4326
878
-1201
-3877
-2256
3597
-3211
681
-2622
2313
-219
4286
-3037
3302
-4964
-3911
4447
63
-3635
-1737
-1252
-1251
-4911
2644
-4718
1715
2455
4213
-2245
765
4686
3214
112
4457
-1629
138
-4754
-1928
4046
-4013
-76
122
3361
348
871
4611
-542
4237
2976
-2252
-2443
-3119
2339
4572
-2950
-202
-3301
4027
-847