3553
-355
-4119
-3232
1550
1177
-2046
2949
3516
-2842
4893
-2361
321
-800
-1975
-2550
3095
-208
1832
2565
-2771
-98
589
3249
-2665
-4627
4563
-3341
-1421
-2485
4163
-3772
-3316
-524
-1736
2723
1957
-3326
-1306
3061
2986
-4855
-1447
2193
-3185
4394
4565
-3521
-1170
4891
-1213
4895
-4334
-742
-4317
-4548
1851
3974
-2044
3552
4919
4682
-531
4306
-1890
-1850
-3537
1931
-711
-437
1694
3726
-3909
-3697
-4473
2640
4291
-1350
1554
3290
436
2694
2376
3112
51
4051
881
-421
-3515
-4793
1683
1664
1315
3886
-3298
-1803
-1764
-2055
121
4780
4703
-3331
-1065
708
1925
-566
2073
657
3290
-2180
-3380
-270
1197
-2694
588
3892
4927
-2816
4695
-3528
2671
1490
-4776
-946
-1425
-1329
1154
3187
-2703
2653
-3629
1219
-3400
3245
-2364
-4596
3621
-294
-180
-4255
1026
4858
2201
-2751
-4219
-2467
1171
87
-3436
-4809
2151
-2101
130
-46
700
-1101
759
1587
1729
-2065
1435
-2446
-2014
1513
1394
4297
1578
-1896
-2988
-2653
-1155
-4735
1962
1419
-1714
-3910
1893
-2342
-729
878
2764
414
1292
-1763
-4343
4341
-2945
621
-2298
-852
-4033
3183
-4975
2755
-2538
-422
-2836
-255
3326
-3739
-4700
-2790
1403
271
-4026
4148
-3617
-669
-4603
2832
-1786
1898
-2691
4205
-2965
-411
3224
2728
-2382
136
-3170
-873
-248
4071
-4480
1730
3120
-4948
-1938
3415
-2191
-662
4992
-1990
-2961
-1149
-4959
3229
3395
-946
395
-3630
3921
-3435
2054
-4839
254
-308
3363
-1249
301
-3899
3005
1029
-1899
-3199
-1464
-484
-2955
9
-4447
-1144
-2327
-328
-2728
2689
-2209
2014
-4799
2598
-884
-2222
3669
-3284
-4593
-3289
3676
2543
-65
2105
-3753
1048
3876
4342
1806
2408
1795
1776
3373
4974
245
-3925
2282
2601
-1496
-4824
3184
2510
4539
92
4755
3427
-2016
-2645
-4125
3818
3863
-2907
1931
-2607
1099
4277
-2198
-4151
125
-1800
1369
-570
-402
-4696
-1788
-4605
33
4541
4559
-2032
-4987
-4435
-1689
122
2169
4246
-44
-2222
-785
-3140
1718
4106
-2997
1686
3735
4322
4284
-4296
-3405
-3624
-1616
2046
-4585
4161
211
3775
2598
-2844
4325
2665
-3656
-3026
-2459
-3939
4696
-3465
-99
-762
-273
-719
4729
-2472
-3932
210
3306
3682
3431
3203
-2723
4709
-2003
3175
147
2841
-3212
362
-4923
188
678
4328
-3854
4121
-792
1285
-1686
-217
-3323
1852
4837
-1281
-3118
-4856
3263
3654
4664
-1385
-234
1302
451
1464
-4766
-3559
3609
648
-2357
4534
4180
2995
-2619
-278
-2577
-4620
-4753
2460
-4149
2709
-1881
3687
-1213
3996
-864
2038
-3464
2689
-731
2542
2722
-3778
-2915
-337
10
3499
-2932
2227
2006
1703
-1204
-4438
4713
-745
-1189
-988
4519
4600
572
856
3732
-653
-3566
3375
-4953
2991
2108
-215
-328
4405
889
-1929
-1089
-102
3901
-629
-3670
-1724
3353
3034
4552
4844
-344
2418
-1779
-2242
1805
4289
-2438
-1395
707
532
-770
4754
-1655
649
2461
387
-1778
4920
-581
279
-4848
-2239
-3669
3374
-4521
-146
-2866
2298
1584
652
-2534
-1310
-4081
1189
-4404
1464
-4331
4073
2249
-2877
673
-4823
2335
-752
-4614
4709
2789
-275
1101
3735
-4478
-4635
-3805
587
3405
-3484
-1724
-4974
-2587
1834
-2860
-4475
4093
3366
2759
-2600
-1804
4923
395
-3698
-3303
-2706
1238
-4648
-4828
-1186
-2297
-2726
3262
2776
2856
1601
-1695
2851
4425
-4437
-896
-2730
1122
-4978
-4929
-3359
-1182
1176
-334
-3445
3793
867
-2618
-3545
-2049
-3815
-1319
1196
4743
241
-869
297
-4991
1048
4992
-2211
-1727
3756
-543
-3580
-1816
-4500
2398
2425
-3417
3244
1824
1755
1755
-3550
-2456
-2114
-2683
2767
-4585
-223
-888
-2755
-3692
-1823
-2705
1578
-2712
4866
-4897
835
968
-885
-2081
3402
-720
-4890
3115
-346
2470
4172
-847
738
4369
4473
-2191
-1947
-3857
2472
-568
-4817
2865
2507
-1430
-4701
-3825
-4659
1567
-1728
-1277
-3835
-3933
-2398
2551
3759
2755
2829
4659
4865
1018
4878
3849
-3064
2530
1860
-2208
-2691
1547
-1848
-2758
87
4485
248
272
-4356
963
1681
-3346
-2474
3
-2433
-1246
2631
2628
3795
461
-4925
-3687
4228
-3068
-2957
4580
-1189
1068
3385
-3079
2617
-1914
3988
3503
4738
-399
2607
-1983
2740
-3179
-1307
-2355
-2035
-2578
3758
32
589
-3976
-3850
-2375
725
-3861
2267
-4141
2093
-2470
2143
2154
-2422
-3217
-4382
-954
1806
1415
447
2411
-3389
231
3723
65
4167
-2498
-2727
-2729
-383
3321
-244
2534
-809
-3974
1222
-4361
-2277
-100
-1275
-3942
-4340
1993
-3692
-2283
3051
1581
661
3387
-4935
-2253
-253
-3852
-1692
-4966
4011
307
-3077
4311
407
273
-2150
-830
3930
4005
2305
-4839
-4278
4744
-3883
-3755
680
604
3986
10
1582
-3392
4432
-1058
2236
2016
2906
2876
1175
-3373
2547
4355
-3898
2027
-4598
-1034
2355
2284
1194
-4324
-4075
1078
-3962
959
-490
-908
-2824
275
-4647
-2223
-4013
-504
4850
-3624
2130
1325
736
1806
-4834
-3122
4335
527
-174
-512
-4732
4000
-3748
-3320
-2077
3060
2281
4351
4481
-3980
1811
591
-2158
956
-278
2779
-4848
-4241
-3020
4213
417
2691
3854
565
957
710
-4801
-979
-4923
3412
2541
4371
4087
3311
1238
913
-632
-4790
3777
-2462
-4209
-4780
3925
-1028
-4127
-790
3358
817
3743
728
-2107
-3028
2694
-1573
-2160
-1598
-2541
-3116
4457
1151
1961
3585
1609
4086
4128
1882
4235
1659
-4395
2971
719
-2660
4430
3009
3534
-2900
-3292
1613
85
-1641
4963
-3638
-2843
1678
-561
-4108
2022
4513
-1682
-3755
1928
-2658
-1823
4222
-3077
4389
773
3316
-3697
2638
1793
1749
51
1324
4238
4767
-3499
-4167
1401
4325
-4850
-3421
69
-1914
-4174
1109
3678
-510
2355
-1106
590
1599
2116
-161
3113
-4508
2146
3720
-2897
-2667
4273
2925
-2700
-1078
-1982
671
-3706
3665
-1979
4085
-1828
2172
1324
3507
-3985
3243
146
-4530
-2113
-566
3623
-2098
-4368
-4141
2926
-756
-4971
4925
-4703
2122
-793
-937
-297
-626
648
-2488
600
3831
-141
-3656
-35
-2386
2715
3904
-2946