-3432
3942
-4796
-54
-1191
-4872
-3325
2812
-4660
4090
-1702
-2344
-2450
-1534
-245
-1474
-1576
-3274
2047
3620
4416
114
-2836
4990
819
-86
2267
-2735
2438
2097
-4826
939
4667
1356
4598
-1213
2664
-487
4055
-1858
2833
-4549
-3918
2680
2197
-3022
2392
-1562
475
3937
983
1798
-2598
1628
4868
-2586
1910
-3061
1068
-4135
3790
2629
-278
2648
-2708
1234
4929
-41
-2610
928
-504
-2520
3121
-933
4249
523
-4559
-3599
2478
-4906
-3423
-1606
1171
-2047
-4662
2468
4573
4559
-4457
-4191
-39
-1163
2703
-576
2873
-1108
1405
-1182
-3879
3890
1449
3747
-4831
45
-226
-1248
3049
-4294
91
1666
-3960
-514
2230
-1273
1271
4651
587
2168
-351
-4718
-638
150
-592
-3339
-439
192
-2407
2870
1282
-4347
606
-528
-3887
332
1924
-2680
229
4269
-4315
3923
4435
-3547
2725
-588
-1971
3351
-3266
929
3795
4557
4480
4934
3735
3805
2620
-3521
4870
3676
-77
4264
-4591
-369
-990
-938
849
-4395
-400
-1952
-4932
4697
4090
2946
-2238
1254
4901
2031
304
-3393
-4028
-4595
-2702
1794
-1228
1236
-2752
2491
4258
4852
1162
-1855
-4852
3095
465
2468
1637
1916
4415
3310
2397
-3827
3590
-1679
-1688
-4029
-1788
4648
-1552
803
1611
609
3047
-793
-654
-3055
2655
122
1104
-1360
4448
-4158
-752
-1515
-1529
3189
3771
995
426
-2078
-3788
-703
-4888
3366
3846
-3609
-2419
-2010
-3928
3478
-4
827
-1702
-2927
353
2583
-4152
-3979
-3623
1864
-1131
1385
-4452
-802
2589
1216
-3092
1490
-4853
-1762
2302
-376
4438
-2733
-3441
1589
2286
1056
3175
-3820
-1769
-2297
3967
2654
-3007
-1382
-3396
-2336
3206
3709
-4742
-3542
-1132
4343
-289
-653
-2734
1575
4309
3096
1715
-1303
-3931
-4555
-1446
1082
4243
-4719
1020
101
-4798
23
2699
3413
1279
1665
4449
-2017
356
4955
-1979
4525
-2363
-2150
-2206
972
-3664
-2753
-1687
-3006
-4578
4977
-4227
2787
3507
1042
4736
-382
-3099
-3536
1409
1072
-105
746
-1239
2546
4391
-2492
3648
-2618
-716
2941
-3062
2340
-3048
230
-1384
-617
4621
3046
4259
2839
-4410
-3748
-3680
4667
2520
2194
-4076
792
-4863
-1325
19
2116
3210
-1563
-963
-791
-4385
2293
3525
4854
-642
3517
-3544
-1255
-708
-2293
3490
-3164
-4728
503
-1992
-125
653
2247
-1571
4173
4711
2523
-3054
-4461
-745
-483
-3349
1568
471
399
2897
2275
-1477
4511
669
-1245
-3689
970
-176
-4494
1939
4061
2922
-816
-3841
2101
-1469
1249
-3193
-1778
-840
530
-4931
1151
463
-2632
1532
-226
154
4013
958
2619
1975
3345
-1694
-1199
3650
-2529
-2280
-1153
3373
4340
-2031
2042
-335
3314
3019
3619
3932
3163
-3706
2368
-2612
-1223
3411
2899
4515
2233
398
3773
3866
-3498
-2307
-300
-1946
2184
2541
4763
1569
2972
-381
-2111
-3051
-1534
3201
-1852
-2041
429
-2375
-4513
177
4750
-1642
1058
-1964
-1061
3208
-4671
3172
-18
2625
-2907
-672
-4795
4081
4472
-1795
2945
1604
-3356
-2378
-1637
-998
-4805
2225
4960
3815
1171
2634
2332
-2883
4153
-4991
-2883
-412
-4210
4764
-558
-4891
-4462
2839
1463
1831
-1558
1644
-4324
-1076
3357
-3153
-3392
-4021
808
1524
4618
-2537
108
-225
-2964
-2960
-3424
-3867
-1744
4701
-4176
514
4406
-2187
-1953
1933
112
3502
1384
-4213
320
1227
1430
2636
-4491
1316
-4254
2305
-3074
3493
-1769
-850
1067
-4122
221
-199
-544
-2636
-3882
4922
-1622
1601
-1509
-3875
-1675
-4550
-1851
-803
144
-3644
-524
-4709
-3925
-3055
3791
2522
-824
-1205
975
-1009
-58
-3632
-3916
4592
-3719
-1334
3287
2291
143
3871
1995
2500
4342
-2780
2372
-3102
619
1249
2388
-267
4067
-4467
4802
4450
-1925
2050
-2283
-2013
4439
4204
-3693
-1991
-3232
4708
3686
-502
-4248
1590
-19
-1769
3382
-4157
3072
4317
85
-1074
-1828
-4986
-2234
-3814
-1886
-2938
-4197
-1977
-2076
-1484
834
809
-974
1155
1707
441
4700
4467
263
-329
-4874
3766
426
-3180
-4122
-3097
3641
-166
-210
1206
309
-3104
-2285
2446
1979
1153
4969
2423
2517
-4538
3694
-174
-4289
4451
-4107
771
386
2348
4946
4119
1984
2879
1880
4587
-1204
3862
2775
-1282
3720
-1943
4360
-2801
2319
787
-4114
111
-1271
3361
3554
4170
-123
-2817
1428
-324
4697
-1368
4781
4469
-2857
1451
-669
-1525
-1631
1101
-3026
2826
2216
-3098
4250
2344
3319
-3755
4336
-2397
-1977
-4414
2367
2616
4914
-704
-4039
923
-3989
292
443
-804
-2803
2492
4402
3233
2392
99
-3641
-828
3787
-416
-460
-4364
-3826
-4145
-1688
3044
-1918
2706
-661
-2418
4042
3943
931
236
-1030
-870
1641
1467
2106
-629
4045
62
-4308
-890
371
1251
3137
4238
-3158
1340
-3373
4516
3058
2660
-3492
1409
-1906
4408
-2880
4799
-854
654
602
980
1720
-472
2672
-2078
-2288
-3846
3137
3760
-4190
-3069
-3266
4217
4486
1447
-2042
-825
-2114
2610
-3854
4003
1299
405
-2385
-985
4129
1624
-2145
3751
1770
3940
4025
865
-4923
-2378
-1957
-3223
-3728
-971
4150
-4296
4802
-4197
2912
3712
3848
-4964
-3985
3602
-3104
-663
-4349
-2410
-707
2688
2723
3176
1166
841
-3590
3914
-2562
-913
-3565
2535
-1472
2514
-2966
3689
2813
4669
-2780
-2782
-302
-76
50
2961
4824
-4609
4815
3745
935
3470
4216
2489
-2334
-3167
3872
-4372
3803
-934
-1221
1327
-2325
2507
2049
3306
1157
463
2551
-1082
4081
-3121
4161
-2745
-2701
1542
-2001
-1522
1324
4577
2697
3743
2223
2633
3468
-911
-3729
284
3291
2885
-3583
-306
-2870
-3375
-4521
-1322
-1109
-1360
4796
-4848
-3081
-2064
-4234
-379
4074
3632
1710
4068
-3768
-4544
4477
3717
2002
-3648
-3730
-270
-1595
1701
3315
1884
-143
-129
-4241
-1195
-1620
179
3055
3139
2641
1757
3642
-4105
2991
1555
-2731
-2712
-790
2573
3270
-1686
-205
-3970
3953
1393
-2782
-159
2853
-1345
269
3564
4236
-1124
-151
1622
2761
1189
-4584
1633
-3381
1234
-3387
3021
-1677
-2463
1490
2929
-2439
3985
673
3925
-4103
-893
2054
266
1612