881
-415
2282
1789
-3879
-3433
-4415
-672
3627
4989
-3119
320
-4180
-972
-2620
-2837
4616
-1149
2520
1235
-4754
4231
654
1029
-489
-4241
-652
-2965
1498
3203
1499
352
-4584
-4695
-3341
4389
-391
-583
1175
2294
4937
1171
553
-633
3084
1364
3447
-2182
3145
1896
-1086
-2050
1981
3726
-578
2985
-4191
-1475
-2240
3099
-1641
4256
1666
-2407
-2236
346
276
-2613
-445
-4792
-458
3776
3176
-3927
4419
4236
4027
2455
-1734
-142
4428
-1855
-1261
4998
1829
2825
4197
753
2176
2344
4782
3986
2858
-3282
-4572
-1317
3547
-2776
-4952
-3476
-698
-2922
2600
3144
3866
1084
-2727
-3252
4672
674
4335
-2617
-1442
702
-2016
1502
2261
3278
-2139
485
3680
2715
-4246
2893
-1501
-2569
3427
-3904
3043
4660
-3417
1205
-2934
262
2955
928
-3053
-3334
4405
-4396
1106
4038
4598
1955
-3674
-3564
4564
4912
-1098
-3137
-371
-4651
3590
688
-283
2923
-4156
1638
-2309
1967
-639
-3131
2103
-2123
-3406
-524
216
-1026
-333
-4459
-215
-2647
-4303
3681
99
2063
-2820
-4397
-3187
-773
110
2752
-2162
-2568
1445
-19
2878
4260
1186
-4414
512
2712
-4924
4342
-1591
2960
1181
-2883
-4808
-4761
-2049
-709
-4006
-669
4374
-3230
4431
4884
3906
-4836
3010
-3003
-195
2370
-733
-3562
1956
-2503
-2289
1855
2138
-105
-4727
-3675
3822
2609
-975
101
2435
2542
-1599
-4139
1041
-2067
-78
2990
2179
-4831
4389
-1626
1936
-1934
-3409
-1134
-1008
940
-4205
4413
-1467
-4851
-3036
-4179
-583
-4573
-4648
1658
106
-2690
-2848
1939
871
-235
3283
-2872
2658
-4659
2401
1841
-422
3604
-1149
938
4275
-1025
-1547
-974
-3468
3757
-2726
4338
3320
4222
-4665
3611
1273
3271
3126
-4265
4169
-2648
2290
3506
214
-4078
4630
207
378
193
2873
1319
3232
1300
3789
4511
-4532
-3880
-209
-1917
4837
-2196
-2961
4426
-3682
-4206
-1634
-4933
3423
1539
-4567
1549
4206
2829
4592
38
2217
3703
-512
1612
-2892
4
-2907
261
-2341
-4131
2382
1694
438
-4229
3107
-843
229
-4307
-66
2001
-2954
3693
2235
-706
2056
3316
3743
-1117
-3391
-534
-3059
1455
-4156
1449
-1793
2694
-2974
-1513
-4526
4860
-531
-1209
1995
-4339
3708
-2330
-3903
-1232
588
2993
-1770
3189
1234
4062
60
4170
1164
-2120
4405
219
723
3085
790
-1019
-3891
1429
-1168
3945
1015
395
735
1711
2109
-652
-61
-606
-2697
3098
2576
-141
2869
2997
-2812
4488
-991
-2669
-937
1479
-2215
4779
-3279
-1525
-3165
3913
1711
2036
-2195
-2981
1217
-2099
-1791
-4153
-3993
-583
-4805
-2242
3999
-4397
-2366
2308
-2367
2206
-4901
1021
-1701
-3570
4677
-2176
-2587
1834
3967
4842
-2965
-1225
-4748
4868
-3980
2954
-3659
-785
-4175
3414
1174
3417
-4378
-1695
1458
-1380
-2366
-2875
904
-3959
-2898
3641
1232
-3419
380
2340
-1
-725
2055
-1417
1435
-3888
-3342
-349
-2290
1760
3728
4013
-3172
437
-2812
-4910
1849
-2270
3195
-639
881
-122
-2964
-4837
4020
-3327
-4497
-4852
3066
4945
3181
1149
2067
-3658
2453
1569
2811
4230
1267
4969
1867
2655
4260
891
36
4073
4947
1174
1051
-890
984
-979
-3181
-3746
347
-2693
3388
2193
-1648
-1087
1590
-3089
-907
1375
4946
-1897
-4371
1499
-1771
4317
2185
2924
-4118
-4791
2937
3312
-2499
4657
4884
43
2571
878
2311
-3936
3558
3239
2949
-1742
-2016
3489
-2431
2872
369
3073
-786
4640
1658
2562
-167
-2865
-4395
3526
3815
-2903
-3327
-66
-4055
4011
4229
2516
3766
-3254
4876
-2154
-2835
2790
-4158
-4119
399
4383
-2090
-4710
-2587
-1006
-4834
-648
-4706
-2415
1407
-3863
4031
1640
-4250
-2508
-312
-633
-2522
-1159
1696
245
-1948
2125
50
1779
-2365
-3770
4741
739
-1890
4921
2879
-1748
-4077
-1446
-1793
-3447
1453
-2921
3662
3022
4186
-4295
-2525
4967
4287
4236
4647
1791
-1264
-517
-4957
-1129
4987
408
964
33
1935
-4996
-414
-3812
3556
-3301
4280
1677
4453
4479
2586
672
4098
-3161
-3064
-836
4057
562
4550
3629
-2612
188
-2482
716
-952
4671
3620
-3519
-4208
-879
4006
302
-3143
-2600
4272
2129
1300
-4905
-436
-1995
-3442
-225
3179
-3079
-2669
-1220
4132
1974
-4889
1195
-3836
3196
1336
1321
-2633
827
-1707
236
4811
110
-4191
1795
3636
-1139
-4223
4177
4105
-4644
3345
-4454
1675
-1890
3774
2723
4672
4371
-1390
3378
-3640
-2720
3533
-933
1325
1294
3659
213
-1128
-575
616
-2664
2198
-810
-2831
317
-1736
-4314
-1780
513
3191
-711
-2729
-3467
-1561
-1653
-1045
-3408
-1963
4955
1754
4628
-3859
4385
-2348
1911
631
18
-2390
1735
4660
3351
4017
-868
3290
3338
3894
-4496
-1680
-178
978
-1341
109
1678
2011
4368
4258
3455
3164
-1897
3742
-4897
-4667
-4641
1413
1284
-2427
2466
1218
-3478
685
-3178
-2641
2796
4602
2210
-3909
-320
-4441
53
-1350
-4409
-1152
-42
4735
4835
1599
1320
-3370
-2342
-4738
-3690
-317
2232
-556
2349
3940
4600
1710
3840
4950
-3475
-29
-4643
-753
-699
-3796
4837
-4876
-533
-2346
4811
-1091
-3428
-3422
-2762
-1751
-4277
-3904
-227
-3981
1551
3466
-4504
-3073
2858
-654
3777
-2757
-3463
2176
4063
4114
3685
4928
-4739
576
-3888
-4161
-2451
-4525
-3682
-1754
4322
-599
3464
3669
1829
-53
4298
3684
-3592
-3050
294
4707
-4844
-4997
2683
1637
-3956
-2685
-2643
-3029
-31
2070
3023
-374
-3267
-3199
2441
-2388
3984
1837
938
401
-1047
3047
3194
9
3258
-4250
-52
-2721
3375
3679
2114
-3597
2732
3588
4271
500
-551
-881
-189
3479
874
254
1862
-4784
-4905
1875
1000
-3822
2403
293
1255
2367
-2245
-1099
-1201
-2598
-3610
1513
-4322
-39
3509
3242
4155
440
-490
-4420
3409
-3344
-3899
-3533
-2289
4675
4292
3892
-857
1959
-366
4335
-3852
-2615
-3632
1716
-3654
-2603
1350
1345
-4377
1490
1898
758
1836
-3535
-3660
-4832
2637
2726
943
-2317
-2263
510
4864
1660
-3566
2539
2131
-3574
2358
338
-1567
-2781
2323
599
4023
-3145
-2444
-3273
-1413
3390
1784