3110
-2053
972
-426
1600
-3347
4094
-1412
3881
2637
3878
-789
448
3960
-4064
25
-3530
-579
-2613
786
3623
1790
-3065
-843
-1396
-4008
-3858
-706
-350
-1955
-4559
4182
594
-4588
749
-2957
-355
3699
2513
3849
-2482
633
451
-251
4723
2391
-2631
-1600
4900
-886
-1927
-3531
121
-4017
2666
2304
-1620
-3809
2632
3750
3381
-1381
4603
2915
3831
3811
-3285
4674
-4801
3766
2346
3901
-2663
-776
-4640
4236
-476
-2531
-3458
2057
-1477
-2053
-2703
-4982
-643
3853
-2344
-503
1724
1129
4126
-2864
-735
-882
-1396
-2462
-1020
-1047
2579
4026
1180
1298
-3002
2046
266
-4260
-982
2826
1395
-4492
-3155
2850
3142
-1251
2093
-3033
2914
-4963
-4141
-1434
2568
305
-1552
4303
-385
-1129
-4046
-3726
476
-1376
4404
-3899
-840
309
3448
3792
487
4457
-1354
3191
1676
2374
1188
541
3298
4613
-3532
703
-4974
-3408
-162
4764
-671
-77
-1363
674
3437
-139
-2120
-3142
3932
-1658
372
569
-438
3205
4479
1380
2729
-4746
-2815
-348
3141
303
-3718
-3720
-3898
1871
1230
3443
2874
2497
-4442
1528
496
1569
3542
1991
208
172
239
-3472
2857
-2631
-1045
3298
-1930
-1094
-3386
2811
-483
-2364
-4263
-4028
4918
-1618
-85
-3744
753
-1745
2014
3629
-3253
3973
1811
-4858
-121
3870
3171
-4555
-1965
-16
1356
-4748
-4255
-4160
477
-1557
2568
4807
-183
294
-1886
-4381
-1246
-4516
-3056
-2179
362
3995
759
2734
476
3519
-797
-2990
-845
-2720
-3230
2533
-730
1758
2334
3650
-1749
-1685
-295
-4636
-4937
-2810
4022
20
-267
-4947
-2751
1346
1841
-3782
-3185
-2298
-2238
3252
-3593
-4168
724
1114
-27
-1036
-2368
4989
-3197
-4874
2459
4226
-1243
-225
3958
603
2729
2520
880
-1181
-953
1167
-2160
-1232
-4489
-46
-1861
2635
3537
4579
-228
-4183
1010
-252
3882
-989
3622
3374
740
-3195
-1606
-1492
-1296
-2298
3581
-2152
-1097
-2827
-4238
4349
2619
-1273
4765
-578
-4909
2481
-2547
1876
-3458
-524
-350
-2115
-2367
4936
-2353
-1578
-3630
-1967
2372
-2471
4786
2680
-4822
3728
-401
-4730
-3876
2019
-1132
4598
-4631
3927
-43
-2297
-3111
2237
3580
-2967
780
1873
-1996
179
4415
3015
-2104
-3144
3895
-1381
-1335
-4559
3557
2008
3925
-765
-2051
-1383
2300
-903
-2800
-1347
-1092
-1632
3740
1952
4332
-1216
-2394
-900
4106
-1301
1983
2214
2935
-4298
-3917
3438
1914
1774
3006
-4024
1518
-3878
-531
-4508
3332
-1155
4656
-1222
1814
-3132
-4421
3807
-2305
2054
-4262
3450
-924
-2635
2997
-2804
-923
3197
517
3104
-4152
-954
2226
-1237
-1610
-2398
-1574
-1042
4655
-333
-4873
1826
-3013
-4348
3744
-1395
2931
4855
-2394
-3129
-304
3810
1180
-2827
-2468
4703
-4576
1021
4749
4517
-2536
-2540
1592
1791
4348
-754
-2284
3846
-4685
420
4237
3252
-2324
4733
-1903
2384
4871
-330
4145
-3829
-2735
-3744
62
-1580
2591
-907
107
806
-2969
-1833
2556
4803
-4757
221
3962
-722
-5
-758
-362
-781
-2939
2496
205
-4317
-835
-4595
3326
921
565
-1676
3160
-4319
-1073
-4540
-1326
1059
4104
-4924
-1197
-1451
2275
-2334
-3828
2479
-4469
-4538
2983
-3504
1009
1033
-483
1861
-2651
-4429
-1108
2003
-3575
-3659
4317
-381
-440
2154
-3542
-244
-4326
4055
1154
-714
-4284
364
4804
-3040
-4411
-559
937
-2478
-3434
1124
-928
386
-4766
3387
-1098
-1654
4082
238
-912
-1549
-1167
2913
3907
-3328
4214
-166
3267
1715
-4418
-879
3990
-2482
1235
-2072
1151
3446
-4976
-1738
647
-4732
524
-1333
4194
-2295
4527
1005
-4342
-1324
-3324
-2433
-3460
3854
-3506
-962
4052
-716
1796
-2724
-1248
-1325
4258
3415
4371
4147
-1265
-3728
-3234
963
3336
3839
-1671
-3232
-2152
355
2066
-4898
-3953
1064
13
-996
-425
3950
401
-1172
1969
279
371
-2058
2271
-4229
2147
-4283
1927
-4154
-2603
240
1534
-2391
3715
2527
-1329
3814
2121
-4557
-4821
-3523
-1904
-1997
-1647
-4904
3637
1650
-4541
4280
-2578
3632
-3064
-4458
-2567
2667
-208
-3214
-2859
3592
-1328
-2371
-4699
-1367
4126
-3778
4170
426
-4845
3144
-4307
-3087
1708
-4251
-1389
-4653
-319
3234
1149
3932
3256
131
3447
4537
-150
4615
-2947
-3421
3977
-3900
-3308
2464
1638
-3226
-2716
4574
-787
1407
-4207
1910
2623
-1662
-2815
1246
-3563
-2056
1791
-47
1534
-982
1615
3189
-1795
4858
2722
-3717
2130
-4646
-1789
-1224
-521
1626
-4817
-2844
-2615
-3857
3573
4780
-862
-3248
252
-1391
-2666
-4643
-4941
4422
4047
1013
-699
-4501
-1500
1567
-600
-2690
3483
-1360
-3633
1857
3584
1444
4225
-1575
-1128
4858
3941
841
-4675
-944
-4230
2490
1748
2284
-4994
325
-2775
-1711
3904
4952
212
13
3445
-3382
-2898
-2971
-1305
4795
99
2511
-91
4123
2112
-441
-2567
-736
487
-3039
-3604
4998
-3688
-4187
4059
-2383
-1332
1396
-83
-1032
350
-4103
104
-2011
-334
1422
-651
-4037
405
4809
-4023
-4837
1526
-1131
-2041
-4869
-1313
3634
-63
-2784
3758
853
1649
-2572
-2877
2460
1113
-1860
4324
-2521
2653
-3890
-3469
1080
57
-3339
569
623
-4088
3399
1932
-4159
-7
-164
-3414
2877
3426
1291
4974
2627
2475
-4
-3028
976
1282
-3471
274
-4010
2610
-2924
-1197
87
-1033
-3004
1247
2767
-2751
-3420
-1043
-1450
2920
-93
1807
-657
2155
1305
2687
4559
-1108
2107
-3765
4081
410
3164
2628
3017
2483
4245
-2499
-505
4740
-4495
4808
3988
1923
1832
190
-2757
-1719
4474
1948
-2153
-4112
2476
-1290
-4036
4917
3271
3557
3700
3572
1727
-3823
4869
-4180
4954
-2336
-4478
3513
-3621
566
621
-3993
1886
2690
991
2373
-3567
4477
3674
4256
-2423
848
1140
2131
-1445
-3015
-705
1472
-1024
-2723
-2837
1752
-243
-2546
-1475
-2079
-1947
4977
497
417
-1173
4116
-4964
2945
-2781
1338
-4718
-251
3380
928
1977
-4457
990
964
2099
-263
1607
627
3828
-3181
950
-1847
1516
-4336
-2041
3072
-4897
4334
-4467
4152
-1656
-3790
414
-3715
-4705
1057
4899
3118
-4011
-1088
2473
-4343
-1250
-520
2517