-4664
-1099
-3066
-4917
4007
-3944
521
-3902
89
4311
4611
-4335
3339
3227
3688
2457
4872
-691
3283
-4412
-2730
45
-672
3336
-1637
-1697
-2660
1910
-618
841
4976
3215
866
1264
3773
1972
1132
3937
691
-4336
4293
4285
-4984
4602
-4622
4231
-1363
-3789
3739
-2339
4238
2678
-3762
640
-2902
-2198
3023
-4751
4145
-3092
-2541
4146
4774
-2206
-521
-1420
-76
-675
4439
-578
4568
-810
-2309
-4498
4439
-3163
-2700
4363
-2724
1611
-4494
-3523
-4811
1020
-967
2798
2431
-4185
-3566
-2380
4901
-4063
-3974
1603
201
2026
1240
-4181
3183
4864
-784
4648
4930
-2985
2489
-3870
1742
-2956
2421
-2378
-2068
3355
-2634
1790
724
1513
-1396
-2098
4927
-220
3603
1401
-1048
-2416
-665
1135
3473
-3654
-3922
-571
-4607
-3341
-4030
4692
-3659
2115
3090
-714
4712
-1242
1818
-3407
-62
-3178
4224
-3634
-2017
-1035
375
730
3703
-2556
-3013
-4549
-3546
-3023
-4729
737
-1356
-1562
14
-1943
-3783
3650
-213
3065
-4377
1605
586
-4817
-2250
-4357
-2926
2598
1256
4413
-869
-1727
138
-3117
738
-3855
-2050
487
-3407
4505
-2546
-2028
357
3270
-1121
1387
1349
-3497
-4063
3765
22
1662
4277
-1316
1301
1227
-2075
3922
-1989
1215
3007
4155
-2901
4804
-2475
-486
-479
374
4942
1983
1078
197
2120
650
-2254
4114
-2261
3336
1016
-4888
-1914
-3584
3223
-1338
-4925
-2662
421
395
-4386
2723
2534
-2610
3292
3464
-1804
-4670
-1897
4773
922
2506
-2291
-3515
3803
386
-1305
-3240
-4544
4264
1002
-4882
4387
-3296
1759
-4240
-2133
4118
-2521
-3275
-431
845
-3443
4498
-4924
3541
4796
-3179
-2508
-4377
-2536
1395
-2454
-1003
-2639
4194
2614
651
2130
-1173
1705
-1437
2179
4899
-371
179
4771
4096
-4207
2178
1403
-1400
-1916
4000
-361
4700
2943
-3943
4842
-2473
3667
-3589
-4478
1164
-2316
-381
-3578
-4682
-4346
2679
-4922
4624
2845
2765
1115
-4156
4504
-2585
2847
451
2673
2078
3433
-1137
1413
-2982
1422
4611
694
-1555
-3444
3
4138
891
798
3618
1445
-4445
-2781
-92
2832
1042
4075
3380
3633
4325
-348
4522
-3524
1533
-1181
-3472
-4959
3369
-2267
4008
-1232
-3801
113
2376
-3921
-2112
-2368
53
-385
3312
-3500
2266
-1127
986
-2171
-3444
4955
-178
-882
4329
4919
-4236
-4296
-4646
1862
3422
-1223
-3631
3266
-3004
-4570
2879
-593
-4879
1791
3267
4183
918
1318
-4332
3730
376
-4133
4303
-3346
2971
1739
-2309
-2548
-4513
-3728
1952
2802
-2201
-3949
3083
-4562
95
3087
-1212
-443
-2897
-2722
-1965
4943
3872
913
2476
4937
-72
4509
-4258
-3311
-4925
467
-3546
-209
2734
3013
3734
-3222
3988
-3098
577
4969
3803
-1762
-3777
-3193
-2236
-531
4531
4545
-864
-2193
931
-2604
46
-4493
3923
2313
-343
-684
-3613
-1959
-3186
625
-272
3694
68
-953
3934
-3243
3309
-2580
-962
-621
-49
333
-1254
2184
1587
2109
-396
-1272
3800
4541
-4410
2110
-3541
2670
559
2789
2895
4563
1856
-2509
-2445
-3684
1735
-1168
-1852
-2212
-3480
-1491
-1882
3212
1504
1973
-2813
-2302
-1975
-4232
-918
859
-4180
400
2125
812
631
4067
-434
2378
927
-2372
477
2093
3579
-3739
-4454
2100
-1318
-4679
766
4506
94
-1696
4131
-440
-2185
-3131
-2078
-4015
-4338
-4600
-3237
-2090
1725
4738
-4746
-4911
408
4035
-3655
4235
1756
4407
354
4325
-3233
-3009
157
-2219
-4756
-1692
-3562
2307
-2474
-2457
1499
2450
-629
685
2003
-4912
3441
-1904
1860
-3885
4219
-3986
990
58
389
3362
4896
473
103
-1593
-3901
2362
2753
3555
2160
-224
1552
-2566
-4279
4198
-4106
-4380
-3199
-1589
-4737
4088
4510
4475
739
-1788
-54
120
-3135
1431
2591
-1577
102
-1042
-2830
4991
4294
849
-716
2059
1422
1934
3799
4180
-4894
1379
1864
4881
407
2912
-2976
2365
-155
241
-4420
-1794
-213
4651
-102
2318
-4266
3979
-1642
305
-3206
1554
-438
-4498
3672
-568
-4047
-3531
-1075
3633
-4407
-3868
2742
-2877
-2906
2276
2371
-3292
-1325
-4900
4080
-182
3922
3629
3861
-311
3476
1229
-3013
3151
-3149
125
-656
-2547
-70
2013
2492
-4395
-10
2078
2795
4243
-2767
-4901
1673
-4271
-2974
1709
4764
2383
-4683
-3739
4444
612
2909
4422
-2429
597
-136
3350
4946
532
-911
3891
1460
613
1610
-4916
2662
3595
-868
2210
2965
-1244
1775
-665
311
-3103
-3797
-4729
-418
-1240
-4470
-554
-2294
-3821
1039
640
-3854
-3729
-2655
-1748
515
-189
2344
2396
2212
-3972
4431
4111
-4454
13
-2350
-1178
-2998
1339
-3559
3102
-845
4876
-1272
3775
-1262
1496
2420
2865
-1866
-3666
434
3154
4446
-1927
4025
-4626
921
-2097
-376
-4205
-846
-1533
-2121
-2122
4326
4161
4407
-4806
-2528
3911
-2940
-4031
-2409
-1666
-274
1385
1681
1907
467
2443
-4626
3277
-4554
3193
1660
-433
-3534
-842
4510
-901
330
4253
-41
1651
1811
-1187
-4632
-2651
-3698
-353
-4561
4743
4885
-361
885
1858
-239
295
-3488
1935
1810
-1194
2569
-3265
1725
2017
3788
1059
-535
-4743
1513
-787
3866
2278
-3631
2656
3194
420
4839
-3429
567
4176
4923
-929
-2767
4039
-4560
-3110
-600
-1889
2907
-2379
-494
-4693
-866
-1997
2936
-3527
-65
577
-35
-1200
-4364
4476
-1663
-2032
715
109
-3492
-4040
-1586
2401
2650
1732
-1380
-670
-4478
2234
1694
-2593
3775
-4798
-1624
-1347
3191
2287
-2067
273
1833
4675
-4623
-4247
-623
517
-725
4345
-112
4111
-3473
67
626
4266
-180
-4893
631
1291
-3002
-4298
-3126
-2416
-3357
2308
851
-3735
-960
-2419
-4692
3455
4284
-4268
4273
3510
2306
-1803
793
-405
86
4536
-4413
-494
4542
3958
-192
-4019
-4703
-4174
293
86
-1434
-2156
982
2451
1490
2375
-2362
-3117
-3482
-1247
-249
3842
249
4907
614
-1527
4612
-34
-2749
-1271
1175
-4467
-1987
-1206
880
-1176
-2628
2971
-4268
1037
1590
650
773
-750
918
115
939
4108
-850
1792
4892
-2090
-3212
-2359
-2895
4743
-4402
-2381
3147
-3669
902
-2375
3743
-226
266
-3300
-3323