-3026
-4946
1823
1697
4241
-1554
-3021
239
412
-4182
2430
-241
-4445
1951
4125
-1544
-219
-1501
3663
174
-3550
-4047
-1403
-4426
-4986
-664
3834
3841
1183
1866
2558
-3527
-4951
4515
-2386
1727
3883
-1482
-1570
-362
1956
1092
-2923
-1562
-4024
1050
3098
1768
2811
2300
-3346
-1371
1001
-2490
-3814
4701
1883
3766
-4190
2327
1489
-2573
-1325
-4888
4539
3180
707
-1459
237
3456
-2188
745
-1035
-3995
-3660
-1739
1393
-2087
-2412
-2290
-1877
-1592
2731
4210
4516
-4296
2958
400
-653
3306
-2776
-1709
4318
-2969
-2857
-4827
-1369
-3699
-3049
4237
-790
4734
2938
-1359
-4104
1918
2898
-900
-1148
-1888
1809
2141
-4055
2389
1470
-3019
-3170
-640
180
2921
-2539
2721
-1688
-3593
-4376
-2290
-1744
1465
-2840
2047
-3990
-2374
-641
1039
-362
4892
3073
2927
-1566
-2013
2078
1293
-3906
-2653
1291
4009
-4922
-1112
-472
-4560
-4728
295
-1534
-2120
-4344
2611
2174
-4847
-2675
1690
-2267
-2028
-4955
-2415
4985
2501
4994
1103
-1040
2696
-4324
2111
-4459
-3989
2390
1668
-3909
-3836
-4658
3202
3900
2423
2642
1363
4798
4880
-1046
-3481
1039
-4641
-2558
3603
1614
3428
3946
4762
385
-4406
-2993
-1903
3218
-1956
-2578
2302
-2527
749
1620
-71
-4648
338
-1787
323
4816
3611
2230
-4291
-256
-709
611
3230
-1666
-1106
2758
4671
1672
-390
-4835
-2347
-4043
-218
2642
-4474
-731
4308
3862
-4840
397
-401
2127
-631
421
-2816
-4719
4895
3558
381
3794
3127
-3094
-949
-4358
3153
2567
4559
-848
-3923
4607
2720
-920
-1386
-309
-4102
127
2893
694
3920
-1305
64
714
3818
4034
-2606
-2467
-4986
129
-2369
4627
490
1832
-3950
-189
3559
1196
-1620
-3368
2531
-4202
-2123
3682
-232
3998
4914
612
-4688
520
4850
96
-4359
-1161
106
377
-947
3134
-3717
-4529
-1858
-4680
-1660
811
1075
-3853
2046
-4542
-3640
4861
-2972
780
2001
-792
-2089
-2591
3048
4452
2399
3909
4350
-2010
1313
-1087
-1799
-2117
3086
-1136
1090
-118
-3842
-4595
1218
-4898
-2909
1711
-23
-4033
-2585
2846
4184
-2596
4198
-4433
1367
-4274
-3637
4196
3289
-1522
4822
-1582
1449
-831
4743
-3357
4625
4007
-4432
803
26
961
929
324
2363
-1837
1009
-2729
3335
-191
-1155
2031
2387
-71
4076
767
-3187
-3515
-2093
2427
-929
3783
1822
-2899
3247
-1656
-1073
-455
2732
2771
1393
-4717
-4607
-39
279
-3861
-3711
3602
-4227
-916
-1575
-1165
4956
366
3439
1735
-4371
-4602
-2531
2680
-44
-810
-622
2978
4231
-1935
-4038
1454
948
-4794
2549
-1657
-4276
-3242
1239
-2998
-4853
-1794
4733
-88
2415
-4866
3499
2050
-3746
-3386
3272
-3876
-1596
3068
2403
3746
-1402
-1353
-236
-55
1390
-1983
4512
1874
-1653
-1472
3109
3458
2376
2424
1083
3924
2513
-4939
4388
-1316
3268
-2000
3644
-4758
70
1272
-4545
3151
-2105
-2879
-2823
-2783
3351
-3591
3307
276
-2655
3613
1481
-1548
-1264
-2029
-3060
-3220
-1656
-1934
3407
-4186
-1981
-804
3666
956
4635
-2250
816
896
-3797
-2879
3373
-4769
4070
-4038
-707
-3210
93
-2796
1805
-2816
4878
-1434
-4857
-2354
-1826
-3684
-642
-4724
1209
4055
-4568
-3327
-4122
-1538
2925
-3989
-247
-2609
-1039
-790
4577
625
-3359
259
-4909
2861
-4039
3520
4876
170
-4183
-4071
4186
1264
4364
4667
660
-3654
2350
1372
-2736
-516
-667
-4525
2177
-1686
1294
-4724
764
-1588
3763
-882
1019
2782
-159
1548
-1922
-2462
586
4444
-4033
3371
-2688
492
2762
4945
2956
-4667
-4951
4694
-2171
-4703
1793
-4103
-3431
1489
3500
-4211
184
229
3843
-3239
-54
-3944
398
3525
107
-565
-2259
-1425
1095
-2721
-2345
-118
1199
-3990
1101
3515
2226
-3355
-3131
-3251
3707
4042
3943
2970
-1667
-2693
-1714
-467
-2579
-2607
1948
-4890
-3283
-4962
3730
-4562
-490
-4435
200
-3587
-2440
-4669
-1162
-4641
3263
-4326
-2472
2385
-3972
314
-2608
-3095
-2162
-4788
-3424
3861
3371
1571
4138
1976
-1629
-3666
4024
-1564
-1995
4642
3341
-367
-2621
-3
-1255
38
4162
2133
749
-1745
3838
-2533
-4874
-2015
4333
2695
4871
-4541
2594
1733
930
3971
4824
2463
1006
4685
-270
-1386
3234
-1217
4429
2225
-3685
732
4109
4815
-1062
1451
2234
3573
4494
-2286
-1018
131
2265
-4369
973
4597
2889
2457
-4859
3006
3194
-1460
4303
-1247
-4898
-4847
2564
-2967
-4523
3081
114
3405
-2418
-3500
-1518
-4409
339
3416
2616
-4743
-4546
-2073
-2679
-337
-3860
1431
-2719
1482
-3577
1196
4311
-3620
559
679
-4657
4887
2876
-4762
1452
-2982
-2351
-2504
-338
-2907
484
3873
166
4226
2301
4127
-2973
3125
24
2241
2400
1352
579
-1610
4419
-314
1813
-3474
-957
3244
4660
463
912
-4637
1945
-2581
-4709
2988
3422
-582
-2841
-241
3835
3010
-4103
-3551
-4376
-852
-511
1686
-2613
1977
4111
4031
-1745
4685
2286
2228
4600
-300
3059
960
-391
3295
-1608
2278
1003
-1535
3889
335
-4045
1329
-3593
4459
4339
2279
-4265
-14
-653
-217
4697
-2492
3488
3896
72
-4087
-1355
4373
-3826
392
-1450
-4544
708
3087
-3768
1424
2218
1319
-1513
528
2746
4071
2134
-4198
-2194
3708
2534
-4277
-795
341
1068
1817
-458
4997
3128
-3465
-286
3447
294
393
-4793
-2600
4621
-3799
-321
-1956
3732
-1406
2630
-396
436
-3809
-3187
2079
-1109
1721
-2540
-2354
-2655
2455
1081
2788
-4561
-1972
4575
-380
3439
4133
848
79
2362
1531
4532
2834
443
-4199
-2782
3017
4574
-171
-3424
-4552
3205
205
2439
-4588
2750
-415
2934
3958
2824
710
465
-1452
4556
3962
-1132
3715
2618
-3411
-1180
2674
3359
3814
-4290
-3233
-4226
-533
-3671
4358
-3653
425
3786
-1709
1510
4153
-3653
-4089
-748
1670
3287
4497
2288
587
350
2945
1120
-3242
2902
-4282
-4579
905
268
2031
-3205
-793
-459
-342
-3159
-3967
983
1510
-3941
-4439
4493
2363
-4559
1090
-277
3670
2251
-14
3059
722
-1888
-2776
1136
-4233
-3528
-3849
1153
-2515
-4970
-2060
-887
-420
3075
-3387
-2976
-4924
-4471