4174
3433
-144
3997
4760
-3958
4568
1627
941
-1856
3731
-1286
525
3295
-3630
-3470
2917
458
3927
-893
2494
-4986
3359
1538
-3086
4015
3441
-1156
3054
-853
18
1278
967
-4707
4716
1700
-4515
4293
311
2050
1660
-1421
-47
-404
1325
2905
3503
-1172
-747
1556
-444
-3412
-2317
-3005
3931
-4862
2129
-2509
2691
-4174
2863
-1624
1480
1556
-4781
-1789
-4365
1033
304
-593
4190
-1656
3192
-3641
3679
4497
-3570
3582
2480
-642
3211
4864
4390
1171
-3690
-1761
4418
592
1173
-2227
-4275
-3152
3643
4549
-1331
-4602
674
-3263
479
-4394
-4002
-2014
3278
-4419
4506
3217
-2464
33
2105
-4094
2186
-1947
-3530
-2476
-2467
-3348
1552
-4690
-4571
-3369
-360
-4218
-4411
-3745
1818
4387
2312
-2409
-3199
-1709
257
1946
1982
-334
2228
4799
-2308
3377
3486
-554
-2707
-4967
-644
-3483
-4259
3932
-4527
1964
-326
-2176
396
4574
-3119
2660
-333
3997
70
-2937
4492
3243
-945
-528
3629
1481
1143
1582
-4628
1187
-144
-401
-2855
85
1219
4697
2586
-1059
4174
-972
4204
4596
2197
-3712
-800
-717
-2834
2541
1206
-3977
-1018
-1468
-3640
-1162
4301
-3883
-3457
-398
-4586
2322
-3756
3466
3446
1508
2924
-3261
870
-4098
-4212
2198
124
4077
1172
4011
-3135
-1183
4785
3525
-1104
-153
-3659
-2162
4215
-3254
-4341
-3885
-1057
796
343
4199
-653
-1751
-4913
-2990
-1156
4165
3964
1908
378
4546
-221
3889
1013
-3527
-3851
-1952
3742
4324
-2082
1988
-3145
-4726
-1915
989
4526
1502
-581
2861
2543
-68
4988
-4867
4437
458
-4187
2635
-3661
-4154
4689
2468
1038
-3656
-2120
-3529
-25
-3518
1410
-3725
-3131
1936
-2019
487
-109
-4856
-1073
2711
2451
2885
-2499
2288
1088
2044
-1629
4621
-3078
4435
-1306
-2754
2572
-3981
3829
3429
-3668
-1031
3574
-1445
-4023
-449
-518
-549
2348
4382
-2157
-3868
-3252
3339
4621
777
-3519
443
-4598
-206
-1154
453
2904
-4816
3648
-1986
-2082
-2360
-2261
-384
-607
3425
3443
1182
3747
2049
1539
-1212
-2559
2218
-1934
2546
-3731
-3018
2418
-730
1286
358
3233
-4132
1128
-3832
21
4006
-2284
2613
-2558
4970
-4055
4579
3832
394
1305
819
-2441
1300
-283
4557
4993
2716
-3386
3759
-2569
-4656
740
311
-3854
4515
2194
991
-3395
559
3751
-4002
-2139
-280
3632
2347
-3838
-2263
2113
-2517
2558
3031
-3200
-3745
-4542
-2174
2590
-2051
1913
-63
-322
-1778
-3409
-3782
138
-4708
-1828
1832
-3883
2360
-3808
-3028
-1207
291
-239
-2332
788
3992
1045
2939
-1490
-3588
1116
576
3771
-3644
-873
3941
-3422
284
-4303
2343
-2200
-2376
-1741
4798
-3497
-4025
556
4979
1997
3993
3934
250
-1705
1849
2622
-1095
-3242
-4785
-4109
3334
3655
-4459
3308
518
1216
2755
-901
3908
-692
-1020
-41
3732
-1557
-3436
-1900
1268
4690
-2500
4491
-2405
1415
-1060
-467
-814
-1083
525
699
-1909
-4643
-4976
-2326
396
1961
3368
-2081
-278
3140
-3797
79
1480
-3839
-618
-3183
-1377
1620
1022
3662
-4065
-4566
-206
968
-4670
447
4080
-4116
-988
899
-2737
4091
-348
-3096
638
2273
1192
-1473
4521
-3501
-2797
880
586
1516
-804
3444
11
1484
-701
385
800
1648
3319
1767
2783
-2004
3981
-4210
4183
-2809
4470
-3570
-3266
3152
3862
2350
3862
-3936
-3599
-2843
2796
-2063
4799
-1715
-2584
-1500
2433
4506
142
2331
-441
-60
3271
1923
1765
1271
-1009
3881
1284
-2075
3641
1990
-1358
2011
-4575
4299
-2000
1444
-1256
3201
3017
-583
375
-3075
2622
3535
-3688
-3662
1358
212
-1303
918
-3515
2637
-3979
-548
1489
1461
311
4115
1233
-531
2974
-696
3415
509
-4655
-4691
3279
2432
-4839
-1512
1095
-3388
3774
1639
606
-4764
-2778
-3094
-2029
-4789
-3820
-433
-3043
-1093
2877
-1899
52
4980
-2272
4478
-2546
-4993
3794
-2243
-4848
565
-1933
4484
-97
-763
3910
-3940
2868
620
-2091
4551
2750
1921
4306
-2265
1257
-4899
-886
-4694
1898
-2520
4417
-4445
2556
-1758
3849
-3276
-3516
-2968
3115
2448
1559
-943
4369
2813
671
-1937
-3049
-3433
-2905
-114
-4785
-3054
4108
1953
3170
-4338
-2899
2602
-3465
3473
1743
-4313
2957
-4134
-3817
-3601
2669
122
-4119
4520
-1432
4709
564
1107
4057
4551
375
-4415
-4456
-1073
1405
-3045
-2104
3256
-3972
3843
-4560
-2668
-2391
746
-780
2386
-4155
717
2435
4073
-3456
-687
4732
-306
-4859
680
-999
3720
4149
4322
-4653
-3707
310
-3510
4604
-4514
-3529
-3919
2888
-2318
-374
589
2259
2800
1608
706
-2494
2457
2669
3654
-1397
3043
4706
-211
4733
1753
-3189
3897
-3665
4747
-4202
-273
2986
-31
4301
-1830
4877
4444
-3148
947
3124
-4322
1184
-4818
-2223
3320
-1734
-1470
1035
354
4396
3016
-2795
3342
-1031
3509
425
-414
-4390
1662
1920
-2453
1581
-2980
-4287
-625
231
685
-1372
4317
771
4126
-3121
-1925
195
-2094
3771
-87
419
-1295
-1418
-4045
2443
-3873
-3627
72
-2553
-4239
4860
-318
-4221
586
4898
2685
3909
1288
-4307
2853
-1469
-1023
1103
-3917
275
1439
-4502
373
-3724
2382
-428
2103
4952
-1590
-483
-1162
947
757
1067
-2448
244
-3409
-495
951
-2978
-1138
-1646
-688
-918
4629
-1630
915
4549
1582
241
-2081
-1447
3834
-4119
1484
4121
4118
2770
-850
-3054
1606
-3365
2376
3780
1301
1815
306
1033
2098
2286
-683
2441
-2594
-657
807
-2741
-4339
-694
2474
-2055
1488
-4786
-4777
726
-2783
4567
2085
479
4875
4873
139
1052
650
3068
-2002
-3522
-1342
2303
-1849
-1945
3782
4441
2686
1899
4965
-472
-1499
1754
-74
4488
1099
499
4661
-3037
-3275
3929
-2375
-641
2289
-4889
4735
-2459
-666
3726
1200
4143
678
1764
-1291
95
588
-3229
-1659
-446
-3301
-4841
-419
-4347
-680
2610
2313
-63
-1429
2690
498
-3387
2069
-2404
-3817
940
1784
-4798
-649
1910
-4544
4206
-4888
4464
-2264
-321
3391
-23
-934
-2116
-569
453
-1379
-1673
-861
-1944
2603
1926
4764
-4885
4015
999
-747
-127
1900
-4484
4555
1275