3578
-736
-3185
-2063
-4200
1408
108
3608
2359
-1568
2718
3207
1025
-4353
4383
-3147
4815
-1098
-1978
3709
-1923
1121
-672
-755
-232
2083
4443
-1281
-2303
-3890
-3611
3759
3080
-1244
-4098
1719
4623
3502
4847
4231
-3353
-1922
3030
-4799
-4939
1807
-1233
-494
3211
1413
-4423
2730
2936
281
-2368
3120
-460
4734
3766
945
62
-3249
-1710
-2350
-314
-3464
-3151
3815
-1957
3615
2808
316
4330
1728
-1769
3540
1677
2755
-1584
2686
1204
4246
3738
1432
3417
4572
-1018
-3040
664
3998
-2164
4829
-314
96
-4671
4838
3215
580
-4252
-4539
3926
4509
4330
-73
-336
-2883
1974
-1792
-4260
2493
3315
2332
-2448
-2380
-2888
1648
-744
-1630
2574
198
-3960
-2920
4705
1223
-1393
-4531
-2715
-2462
1
-3699
-2433
4467
4800
-154
4270
-3332
3807
-809
3047
-1265
-1285
-4336
998
-762
3210
3166
-4248
-515
-2426
-1797
-550
-292
2343
37
-2252
-3099
-810
4414
2173
-3871
-860
5
-2334
-483
-4774
3113
-3461
-14
-4121
-4945
-4577
3100
-3405
3902
2997
2153
3518
-4286
-1313
-1756
2140
-3558
-2224
4803
2169
2909
-380
-4019
-157
-2038
24
-3044
458
-4076
3149
-2496
1439
-3978
-2115
911
2563
2216
523
-151
530
-599
4026
-2011
1721
1812
4798
-3755
-2493
-4401
4185
1932
-4531
-1435
4011
2698
-4640
-2400
-2962
-1703
4977
4345
-3808
1821
-4244
-4717
658
-3626
-3945
4509
940
-3569
-2037
64
4082
1523
-1068
-2893
-2354
-2290
-716
2155
-259
-510
-3575
-2640
-225
-2359
4385
-3055
2137
3838
176
-245
2789
-3423
-1109
-877
-1393
-4024
244
-1692
-2778
-648
-25
-4798
2259
-3099
-2020
3082
2456
-2585
-3283
-1647
-4154
-3860
22
-3275
-4925
-735
3489
-1074
1145
308
487
283
-1314
-1237
-3259
-2171
-4368
3392
-1054
3563
-1610
4759
-3626
1753
4135
-367
3365
-3589
-3977
-4009
-3501
-4420
1239
4256
-4149
699
817
4810
2392
-137
-2871
-4295
551
317
-2971
1848
1648
96
296
4396
-2743
-4688
-406
2737
-104
-2284
4698
274
3551
-2984
1909
1305
1389
429
2636
225
-970
-115
-861
-1120
1212
2489
-1265
-3271
823
-2095
-682
-1881
-1001
4812
-4778
-4485
-1458
3557
4020
3869
1280
1746
-4488
1236
4424
1280
-1441
-679
1644
2970
-4252
2899
-1187
-3865
166
2297
1510
-518
2714
-2945
1713
1170
-4520
3481
150
2677
-2111
2874
-1155
-2385
3078
4727
1675
3158
4804
2276
4948
-1349
-1856
4173
1890
-1460
-1186
-2219
3536
-3921
934
2562
-4066
-3004
-974
3296
4727
-3196
3759
4571
-3072
2352
-3171
-2786
4794
3301
82
97
-1456
2777
36
4009
3225
-2790
-4972
373
2492
4715
-4278
3534
2284
1747
-3281
-1630
-3447
-4873
3774
-3065
4854
-1938
1182
-898
-4776
-4025
-790
4612
-2750
2926
-3773
-953
-2679
2225
-572
-2560
-217
-1723
871
4463
-4583
-2418
3692
-2885
-2635
-1195
-1178
-3076
-4401
-2338
-3529
3606
2102
-2200
1999
2766
-3437
-4944
3725
-938
57
-3250
2530
1338
991
4940
1825
923
-2273
-1796
3369
623
3491
-3290
-2657
-4015
586
-4914
-3664
-916
19
-99
1832
2579
2682
-3396
44
3750
-2650
4731
3741
-496
-2574
-2589
-2748
-1212
-2243
-276
-4069
-3709
-4254
1032
-743
-3934
3523
-603
3231
-755
-3452
-4008
3976
2852
-3024
-529
-1234
-4802
-689
-1429
4217
-289
-628
3398
-2214
-709
-118
-3138
4896
-4108
2421
3124
-1459
1327
-3125
-1963
-4824
-4889
4974
3225
2075
-1663
-2747
-278
-3213
-2383
-4342
-1671
71
148
-3425
4759
-866
-4415
-3208
-3477
604
-1926
2014
620
-2277
1285
-1294
-652
2520
2944
-529
-4788
-460
998
-3180
1243
3110
1867
-3950
-2210
2860
4912
3088
-3132
-3315
1890
3114
-1631
4241
-789
-3972
-4915
-2691
4441
-329
-1268
-3518
4203
1338
3678
1995
355
557
-4652
-4076
4516
-3402
-4481
2262
-471
-2830
3479
3103
-3880
-466
-3881
736
-4738
-1626
-3366
4088
-3209
3542
-4222
3348
3022
-388
-44
-3305
624
-769
4652
3477
-1783
1553
-1240
1087
1656
-4458
-1041
4133
-681
-223
-3061
-811
1728
102
2715
-3492
-1444
4675
4521
-3015
-3661
2101
-3761
-3626
-1229
-4790
3650
4168
3898
-3006
3794
1062
-864
1448
4419
1748
-497
3374
3236
-2607
3304
4922
-2226
3721
-2803
-253
1700
355
430
-2988
259
841
-1503
-2106
-3627
-1249
3210
166
4842
-211
275
-221
-2151
1562
3547
3045
3269
3628
-4287
-4046
1506
3303
755
4869
525
-1827
4686
-1389
-550
-1108
3892
-169
-1092
-1521
4677
-1938
-4495
-4959
1124
-4348
2394
2013
-819
2295
3525
1923
-610
-2065
-4765
-3808
3754
-1032
4886
4642
4233
-4415
3622
3076
-1636
-2250
2973
2722
-1480
-2263
-720
2176
-1570
1831
-4637
1877
238
3580
1973
-603
4963
2294
2132
4409
1170
-1611
3382
8
133
-3868
-1276
-3185
892
-4318
834
-943
780
2328
-1340
596
-1784
-3848
-4126
1403
-2751
1156
-4076
187
-1459
-2813
-4042
-404
1166
3282
2978
-619
-1883
-2047
-2149
-4092
2780
3676
-1754
-4051
-3509
682
-2042
4235
-1149
-373
-88
4585
4442
-600
3393
-2330
2319
3216
-4808
4248
2529
-3807
-713
3328
-3737
3619
-4403
3913
-4379
2459
2721
4558
2641
-4672
-3537
-4154
2122
4912
-3448
1760
-193
2676
-1953
-1943
-1819
4092
-3434
-1600
-3338
-4747
-125
4203
-2693
-2155
273
-4976
1487
-4511
5000
4722
-3943
274
2058
-3319
3592
4221
3549
-322
1632
-4811
-4008
668
-2834
-4678
-2109
-1551
3259
472
-48
2560
774
-915
-2652
1109
669
1101
-787
-4171
2703
-1579
2729
-1211
0
1138
-2589
2002
4822
-621
2004
901
-3554
3097
3291
-3274
4944
1242
1891
1154
-701
4238
-3037
3801
-4717
1010
-245
3862
-4295
-4273
1046
-4268
-91
-1726
3577
1568
2628
2410
-1978
4276
-1984
-4706
-4110
2445
-3291
-4569
728
2664
990
833
-300
-1224
-4997
-2788
-3634
-1836
1726
-2169
697
-646
4298
-2512
3922
1474
459
1734
-2935
-620
-2525
2429
708
1057
1166
725
-3329
-996
-2665
606
1789
3279
-3776
-4650
-4288
-616
-2545
-4318
1700
3796
-2572
521
-2358
-2331
3472