104
-735
-2404
3737
1614
-1460
-1012
-3149
-3599
4608
3840
2787
1893
2298
4084
4867
1490
-4943
3808
1747
4617
-2867
-4776
4288
1318
170
1793
-2683
-598
1724
629
1902
-3509
2671
-3555
-140
383
294
-2797
678
-3459
915
4491
1451
1442
1275
325
-3980
221
-802
-440
2164
4140
-1359
4058
-2770
716
4389
4391
-3227
-552
-3378
-1421
-4222
-1572
-777
4233
-2865
3705
-4366
3499
3667
-728
1146
4952
-3053
3748
4369
-4453
1357
3247
-1340
323
-788
2832
1573
-2120
-2841
4252
-1723
230
1382
-4599
-2175
-3742
1380
-2982
253
-853
3422
1934
-685
-2728
-316
3874
-3182
2417
3778
-3714
-1228
-2232
-1523
-1585
2133
3146
-4719
4846
-4789
3127
-433
3019
1482
371
2815
-1390
709
487
-2164
-178
3944
-3022
4157
4470
1223
-3083
-3881
-2807
-3652
-1262
3804
2014
3629
-4430
2940
3812
-3909
-3205
-809
2918
3970
1793
4954
682
-50
-4018
-2107
-2557
-4919
-4863
3741
-3405
-2623
-4901
3932
-3462
2148
-435
-1892
1339
1537
-4415
4311
2836
-1148
1429
-1356
-3087
2232
-3585
-2959
-4254
-537
2036
-1140
-3440
625
753
1416
-755
-2220
3012
-3796
4172
4507
-290
-2793
1653
4693
1732
462
-2119
-2583
-1874
1597
-2183
-386
-3245
-1018
770
-3125
-4956
278
-3930
3375
2503
-1141
3657
-1934
-4702
3424
2211
-703
-2646
-1016
4664
-3509
2527
3978
166
60
-591
249
-2223
-750
1367
-2680
-2338
4572
3194
700
466
-436
1097
1645
342
-4241
-867
-2605
-3068
-1182
1390
4108
-1900
-2023
1955
-811
4106
1635
2633
4028
-4631
2276
3658
-1920
-4581
2732
1556
-3181
-4718
-4664
4536
4110
2392
-168
1942
-1963
-3224
-763
3726
-4193
893
-2338
3776
865
-4229
4526
-483
3906
333
4223
799
-2394
-669
2301
1415
3623
4527
-3754
-305
2673
389
2386
4814
-4892
1312
603
423
-1549
-3479
2907
4232
1600
3992
-502
-1486
-3586
857
1822
-799
-3344
-3362
-2012
3761
3837
455
1268
801
-3768
668
-1310
1336
-3970
-1190
2969
3575
1445
1820
-3387
-4625
-2445
3320
2225
-4817
-4480
-3276
265
-3767
-1245
-4848
1894
-357
2067
3098
-4807
-4979
1946
4459
-2592
4648
3318
2758
-4731
-4134
4541
991
2332
-1971
4369
-1804
-1598
4029
765
-2585
1471
375
-1716
4434
-2336
3887
3264
-1921
-306
198
1070
-1303
3776
-3887
-4673
4741
-2621
-4986
3851
2457
-3687
823
4717
-259
3515
-2205
-1107
-3228
-1993
651
-4791
-1281
-3001
-3713
-4208
-3039
-287
-4415
-4589
-2825
197
929
2703
3391
-3758
2424
-4864
-537
1537
28
1199
3429
-3316
-4701
-2201
-581
-3040
2522
-51
-3059
888
4740
1299
1523
2251
1976
-1424
-3354
4943
-2201
-3937
4218
345
305
2318
-3910
-4252
-4050
4736
2849
-4598
1437
-1425
-370
-2917
1897
-3197
1767
1690
-3394
4743
3914
-4621
-948
-4422
83
-2266
1788
114
1829
2762
-940
-4357
-142
2617
-408
1662
3521
3602
3372
4459
-2729
-733
-336
4039
-3147
-252
-1801
-873
2756
3523
1916
4188
-2521
1211
-4533
-4255
2219
2342
3892
-4163
-3975
-1899
-132
2784
41
-1846
-813
-2256
-1435
-1720
4173
-1561
1897
135
1664
1935
1646
2973
3017
-3949
-4804
4399
-1542
1527
-4504
1510
-4213
2280
-3862
-3379
1860
35
-2261
-272
1149
4946
-169
1441
-3750
665
-3516
-3778
4751
-4011
4161
-2461
-2819
3397
140
4540
-4366
4433
-2185
-1512
3092
-4241
-464
490
641
-2102
-3704
-4197
-4582
-1636
166
-803
-4532
-4602
1770
3657
-272
2151
1581
4831
-4705
-1177
3057
-3168
1305
2181
3924
-3733
4209
2349
1476
-179
-2919
-4492
2738
-2493
-1711
4541
1338
-1193
2654
993
-4740
-2585
3049
-1718
-3465
-1802
4102
162
574
1627
389
3875
-360
2500
-4861
-2296
510
2794
700
-4241
-1386
4712
-304
-4544
-433
-3381
-1281
-4070
2057
1515
-4548
2673
-4736
2441
3619
1104
-4585
-525
4726
391
637
-3345
-4679
4943
4318
-3476
-4451
-621
-1392
376
-2791
-3638
4303
2785
1479
-3678
2830
-648
3707
-1633
-4403
337
-4104
-4025
4970
-4647
2839
1014
-1303
1900
3444
-25
2592
2972
-3568
3277
4400
2406
1031
-460
-844
-1352
-2978
3337
1196
4621
-1053
1406
-2920
4885
-744
4809
-4498
-3808
1605
-4729
616
-2335
-2504
1069
-1041
-620
-484
2500
3908
-2215
247
724
3990
-653
-878
-4014
-2165
4571
4766
-4606
4872
1724
1325
-562
-4538
4997
4036
-2368
4765
-2347
-1715
4301
4847
-1175
724
4719
1486
1695
-898
4080
-2416
-4002
1946
-125
-348
1773
-465
2706
3644
-1635
-2796
-4623
-4548
-2941
-1250
-1767
-3507
1481
1163
2958
-2017
-2326
1129
3766
3105
1995
3997
2316
-1997
3772
2585
4130
-1589
-3964
-4778
-1589
2164
212
-1915
-3418
1479
4430
1922
2309
-558
321
-3785
-1604
-987
-4023
3317
-4898
-1165
64
4435
-649
3624
284
-2974
627
-2317
2903
-4306
1425
2878
-389
-89
-4078
-2456
4859
-4476
-3093
-2093
-4076
-1368
-4209
4217
1525
-968
3671
-830
2827
1239
890
-1065
4769
3138
4222
4042
-3083
-2002
-2801
1755
4326
-1425
4863
4760
3571
-1218
-3579
-4464
-1015
-4642
-4999
2517
3328
-129
-3895
3784
1929
-1711
3413
-4808
-2550
-730
4395
-777
-4425
224
3566
-1713
-2299
127
4961
453
2581
-844
859
-1132
1562
-4928
1123
-2568
-2924
398
1548
-4627
-463
-2826
2162
780
4885
-3714
1915
1262
-404
-2810
-4786
-4487
-3408
-2405
-2835
4880
450
-1804
1450
-2647
-4474
305
-3079
-1536
-822
2477
4855
3080
-2642
-3501
-4461
394
924
-1518
-3444
2529
-2848
-92
2200
-4716
-1859
-4614
-4945
-2481
-109
-3598
32
-3981
1477
4885
-2011
-4284
-4226
-4902
3830
4307
-726
2842
615
-628
3202
-1395
3184
564
10
2475
2927
-2340
-4578
-898
-1246
1927
-4759
3164
2445
892
2395
-2581
-1284
4924
-2547
-2635
-2022
4516
-4536
4823
-3818
-2372
-2182
2
2056
3696
-3850
1403
-1806
-3553
3260
4657
4212
1806
-4017
-3377
143
-4148
2764
1703
1468
1837
-630
-2228
-988
-2853
1369
-990
-2311
2832
-4258
1059
-2778
2431
-329
-2598
-4551
-3741
1204
-4912
-1524