-1536
-3610
-865
-4177
-133
-3897
2846
-864
-1338
-660
-645
-1536
3504
-23
-3578
-4914
4159
3905
-4798
-275
-4223
942
-462
-1154
4727
4050
-4371
1848
-4454
2136
1842
3787
-2499
-2382
1733
240
207
3916
3473
3880
-785
-234
-3753
3218
2900
981
1183
-2848
4944
-1581
-4363
1698
4580
752
-1228
3639
-1328
-2869
2078
2843
2721
-2013
1407
-2598
-3332
86
-3267
-4369
-1133
-17
3937
-3495
-1964
4346
-3909
700
-2224
-3865
-999
-4835
130
-972
-4047
-3767
-305
-3729
-751
-3207
-1246
-2839
-2730
2503
3722
-1153
-3019
4260
-1182
330
3244
-4327
813
-3727
-2239
-4375
1320
1211
-24
-1179
-4573
-2547
1355
3168
-4625
-2704
-2974
-787
-1232
4755
-4320
4816
-1569
1995
4750
199
2794
-1026
3457
-2392
-3001
142
-4837
4902
3210
444
1951
-4372
2264
2608
-3865
-4890
-4674
2177
1830
-4631
-4823
4612
-3449
3526
2942
-1588
805
-3825
-3136
-2078
-4361
-175
3850
77
728
2159
3788
474
-196
1857
4363
-2547
4703
-3126
-2527
1204
-3940
-4099
4774
2628
4690
4201
3127
-2629
2089
2676
-795
1945
4671
-3132
-1261
2383
-190
986
2723
-3902
1385
-3745
927
-3169
537
3585
1229
-403
-4744
1590
-4505
-941
2899
-1743
3803
4856
3008
-3802
-2345
-2509
964
-4602
2026
4004
-3830
-4747
973
4386
4681
-2052
-1866
4195
-2110
-1577
822
-3290
-711
-1941
3569
36
-1059
-1493
2645
-2246
-2743
1118
3105
-529
2668
1035
4991
-1389
3858
896
731
1847
-3519
-4537
3332
-4017
4548
2991
3241
3046
-1644
-3361
-4509
-2480
1033
-2038
4861
3400
2635
2893
36
-796
1613
-2307
-3501
-642
-2211
-3955
3471
2370
2467
1494
-1397
3713
-160
4637
3929
-2374
-4301
418
-4519
4707
-2231
2362
1051
-2048
3268
-873
4524
3816
2447
3400
-283
-4232
4048
-285
-2090
-1341
2009
-2942
4083
3669
1825
-2747
890
993
-3274
1827
1855
-1116
1348
-3831
-1915
38
3237
-2570
-688
-1097
2532
2370
-1206
-3571
3730
1235
-4977
-321
1162
659
-965
-134
-1255
-1813
4505
-3321
-336
765
1896
-2618
-3445
-138
2217
1848
-4425
923
4692
3645
-1471
3185
-2789
3127
-3529
-1052
2690
-272
3653
-586
2744
3759
-368
-370
-3783
-4618
871
1774
387
-3015
-2535
-2383
-4166
4710
439
-741
-4471
1438
2549
4301
2315
2539
3515
-1366
-1629
3331
3871
974
2660
3588
661
4705
4511
-3684
-2369
-2605
-4193
-3756
1066
-2252
1607
3817
4310
-1044
2741
205
-2762
841
649
2631
-3614
4520
2661
-4947
2065
1171
1892
-1371
-754
2371
-2935
3228
-1591
-1559
810
-3981
-4059
3845
-2698
2809
4783
2957
393
-658
4145
4489
-4417
-2515
-2870
3649
3737
1899
1660
-75
2724
-1549
1052
-3529
-4834
2004
3835
-2722
3385
-2281
2728
896
-2806
3952
-99
-465
428
2909
-3700
-3771
4337
-2344
3430
-2015
950
-1010
-4757
2772
-3669
4142
451
-4054
-1626
-4343
2315
-1168
-757
-2468
3247
1689
-1690
4630
-3763
4429
4974
49
-539
2792
-3232
2094
-4404
-4402
-3917
4080
1372
-2428
-1916
1939
-4071
-1310
-1502
-1590
3484
-883
-687
124
-4524
-2491
1616
2444
1404
-522
3632
1802
-529
-1315
-1219
-3147
-4361
84
-1349
-1762
-2670
-2926
-1836
-2022
-3727
-2183
-4322
2254
-4486
2332
-4394
-1856
-347
-3134
-2508
3182
2279
3039
-4605
-421
3645
-1634
-3268
-3908
-1172
-3094
3100
113
3191
3529
-17
3229
2811
109
-4765
-200
-3803
-2223
2012
-1530
-1980
3694
3311
-1700
-4321
-2602
-977
3119
4816
-1872
916
-3335
971
1890
4871
-413
4036
2165
2081
1604
3996
-1126
1230
-274
-727
-3967
382
-4742
-1461
-889
3516
2130
-3107
-3395
-3014
-1513
-884
131
-2229
-4689
814
381
501
-3237
4757
4686
4011
3605
1867
-2627
407
-1693
-2304
-2109
-1798
3925
-4804
-3507
-4663
-576
274
-1181
-4339
-4829
-2473
-3699
-23
2210
3877
-3985
1528
-59
757
-3744
2632
-1138
-2400
-1719
2107
-96
-1198
3931
3666
100
4707
560
-968
-4873
91
2208
1403
-4064
2879
2482
-779
-3630
4512
-2162
160
2166
889
2468
3195
1816
2783
-4386
-2225
-2476
2647
-3976
-840
-3150
4522
1804
1195
-4679
-4714
-2633
-3852
4933
3355
2398
-3291
3992
3369
2226
1892
-2528
-3497
-4100
4157
-4085
-4265
-1611
-4556
3920
-3851
-2539
1994
2624
1780
3155
1595
-1451
-1898
-4278
3292
1690
-4974
-1573
1182
-2122
2369
2284
-954
2574
-2016
363
-4085
-880
-4721
538
2345
887
-4586
-4729
-655
-4619
-3106
-201
2684
-3454
-2138
151
-119
-2127
4957
2037
3945
2484
-901
1869
-740
402
2090
2655
3663
-2245
129
-2764
-3628
2287
576
-3834
2320
189
-4394
-4384
316
1731
-2168
3366
3566
-4672
-2472
-272
1982
-4726
4144
-599
-2182
-4479
676
-2827
-3441
-818
4064
-768
3217
4191
-919
-1973
-474
2770
-1899
-3009
-622
4612
-2946
504
4120
3565
2937
-3213
125
-1862
-414
-4189
4137
-1907
3230
3140
4587
3850
3055
-1702
1084
-2071
-3684
-3666
-3704
2300
964
-2860
-4404
-755
3677
3590
4618
-645
-1619
3171
-1607
161
-2156
-3228
-3508
588
-1375
-2285
577
-3387
4441
-2922
-3744
1574
-1778
495
-1363
4023
-4679
-766
-396
-3439
2075
-233
-1157
-4739
-871
1324
1502
-328
-3118
-1998
1114
-4417
-2210
2558
4439
-172
-4114
-4042
-2578
-4425
579
4958
996
-2414
-3317
781
-3270
-2993
-1038
4871
2081
-1646
-4015
38
4392
3056
-3354
-4622
-2384
1441
-2886
-882
-2814
-1606
2234
-3952
1557
1413
-4286
-280
-3211
-3562
-3102
-3805
-1616
-3958
984
698
514
-385
-2962
-2993
-1285
-1324
4177
4541
924
1622
4543
-3667
-2954
1372
-3908
-3349
-1834
4285
-4627
-2911
4492
-4722
-542
4145
885
4284
3604
-1494
-4096
-259
795
1173
4871
-3247
-515
2558
-1613
3802
1125
-4903
-495
3905
-4955
-1429
-1382
-3664
-3399
2886
4614
-1454
-562
-4855
2305
2924
-4125
184
1291
-655
4088
-3836
3977
-2363
3239
-4007
922
-3543
-370
4930
2817
4256
2210
-3824
4513
1720
2932
4295
994
2420
3877
4113
4692
-4093
2315
-1805
-207
2465
-931
-1469
-2147
-3850
3940
-3200