-3790
-4044
-3843
2451
1475
-4695
-2153
3988
-3266
-4587
132
-1782
-3404
-2900
-2364
1391
-2483
1917
-2800
2625
2011
-622
-2641
-2294
2526
2801
-141
-1030
909
-3044
2983
1627
700
-4363
-2460
4892
2119
-4024
-2123
-2506
-731
1154
399
-2912
1262
1014
319
-218
2139
4946
-2777
2645
390
3880
-1637
-641
-4325
-3179
363
-2563
4155
-308
4728
3044
1041
-3755
4445
3089
-1223
-2295
4285
249
-3062
-4170
4554
3355
3956
-3704
-70
-2467
3900
-528
1389
-4155
-4149
-1182
2701
4936
4522
414
-1918
-4399
3888
-1143
-421
-4751
4424
-516
2096
3199
-4202
-1428
-3585
-2144
-561
-4243
742
-4748
3925
-1302
-3087
-461
704
1457
4670
-2095
3280
2808
702
-299
-1399
1510
2687
1840
-3589
2458
-2265
-4320
2771
3499
-3993
3164
-1654
-44
3316
2399
3275
3463
-2647
-3777
3560
-101
2716
-3241
909
-3952
-1810
-4126
2516
-1306
4956
2926
3712
-4069
-3374
-3596
-543
-4669
-1299
3734
-2027
-254
99
-1739
680
3452
709
-1078
2662
4150
1937
3763
3484
-2792
524
-3211
1567
4038
-2182
-1667
-3730
4145
4758
599
-2782
1034
-3815
54
4725
-1173
-1517
105
4013
4325
865
-2183
-876
341
-4334
-2058
-1561
2200
219
4701
4874
4873
-3876
451
-4397
-2712
1936
-3852
-181
-1178
4824
4301
4407
911
3411
-4572
3907
-1084
-672
-1944
-3889
-3989
4546
-1053
-1871
-4046
-3970
1685
-4759
3150
-1263
3190
1170
2892
4961
92
4492
-3302
4475
1624
-3406
2620
4759
2637
3213
-3791
1406
1469
505
1424
-2139
-27
3055
-3753
1119
-2743
1463
-3127
3402
-3661
3967
3940
-3521
-3726
-1130
-242
-2914
1738
-778
-1878
-2374
903
-4782
1832
3088
1533
2341
-2128
4222
-1051
285
-2291
-4295
4863
-4729
3810
3405
-4635
2703
-4545
962
3040
3530
3638
-4791
1445
98
-3018
1470
45
-2687
-2959
-4554
397
-3908
-3290
4702
4943
-2025
-878
-3506
1982
4781
-1334
4317
4795
-990
-3474
-4929
923
-2939
-1171
584
869
-3763
2264
-3018
382
3579
2133
3300
4634
-3535
194
-2762
-1381
3348
-126
-3625
2662
-1726
1559
2540
628
1864
-2410
-3188
-1885
4411
3967
-3525
-2357
1331
4031
-4865
-1096
94
4077
-1413
3003
980
-899
-3697
-2432
-4944
-2811
-1748
-1057
4341
-2206
1135
-905
-1047
4653
-1840
-3194
4125
-4610
3133
-141
2484
2551
-4385
-1525
218
-474
-4922
-1300
-1171
-816
3708
4562
-4491
937
-1849
-2837
2760
2862
-3478
-120
4
-4827
-2933
-93
1595
-1347
3474
3978
-3918
2779
-719
2798
-1031
2158
1850
1971
760
-342
-4138
2586
1693
68
-2268
-3571
1883
-2816
1658
4330
-2872
-2414
-985
-3108
4442
4039
348
-3288
-1905
4756
891
-329
1612
-2074
-1322
4264
126
4788
4686
-1578
2368
1422
-3929
-4431
-4902
1246
3344
-3368
-1659
3793
-2466
4367
-4069
4085
2228
3499
449
602
-2653
-2540
-1011
3897
1528
1150
-3096
-166
-2386
-4379
503
-3105
-4018
1525
-518
-3494
3562
1561
-3927
3493
1982
-1074
-1210
148
-1168
2439
-3190
-1469
382
-4265
4563
-3887
-1121
-2630
89
380
4484
3257
86
3897
2294
2305
2867
-1106
4047
3338
466
-4459
1185
-299
-831
-2395
-2455
523
3590
4594
1043
-2995
3454
2484
1325
-1990
713
-506
-233
1299
2367
1100
2252
3068
-1731
3513
-4933
-778
-3885
2049
-2474
2895
435
-482
-3308
-1891
-755
-3428
-1875
3647
-3849
289
263
-3636
4888
22
-2635
-3224
-656
-2973
-4015
3669
-2705
-1935
-1589
-666
3789
-1511
2108
-21
-4847
2285
1524
-3765
3348
4986
2861
-4312
-2677
143
914
-2016
-3692
-2100
-1582
3160
-3286
-480
585
3679
1190
-4757
3259
-1830
-754
-3324
4677
1057
1694
3219
2135
-525
1048
-2436
740
-4379
2935
2103
2135
4607
412
-36
-1495
2598
719
-1788
-1447
672
-1214
-248
-132
-644
-369
1499
-4834
-1384
2924
-2738
3161
-883
-192
-3784
1876
1889
2262
-4572
-3938
4299
-1516
930
-1023
-1897
-4190
-4674
-4662
-5
1319
2163
3969
-2693
3323
143
-2880
698
385
-3472
-783
-156
-4825
1883
-3139
-4949
705
-3108
845
4529
4905
-4826
1583
2391
-3028
-128
-1528
1904
3533
-4271
-3524
341
4881
809
-1526
-1336
946
-4346
-2226
4914
155
3740
-3895
-387
-2368
-2589
145
810
-4956
564
4186
1435
-3591
1132
718
1207
161
553
3541
3091
1413
-1836
-4882
-4128
-1994
-4707
1290
4477
-2433
-3961
-3847
2264
4575
4945
-834
4741
3106
1291
447
2055
-2104
3978
-3912
-2366
692
-3192
-1933
2701
4770
451
3792
1186
1110
239
-240
2133
4957
-277
1207
2815
3362
-2905
-2159
-1442
-3792
4121
-1253
4931
1321
-3845
-4270
-2554
4085
3875
-3240
-162
-473
1689
1297
-3785
-4323
959
-3418
-1666
-4555
-4602
-3558
-3233
-1746
593
-644
4309
-3305
3813
-4794
3168
-2693
222
-2762
669
3248
4341
-754
-2442
4529
3907
-2919
4454
-66
-3424
-3706
453
-3033
-1025
6
1779
791
1433
1821
-2239
-615
294
-3210
-2500
1142
-3799
-935
-3201
-3957
-1179
2743
-3676
4838
1466
-289
-4792
-4914
1903
1936
-503
3191
53
1375
972
4768
1245
-2074
-1608
-962
-4921
2712
2114
-313
4302
2136
2415
2003
396
2431
2529
2989
-3337
-3288
2202
2688
-4685
1666
68
-3179
-2904
-2499
-3450
4769
-1431
-3044
1767
2934
3512
-1406
-1014
-2333
918
-1013
-209
-883
-1208
-4649
-4488
3845
-589
995
1759
3060
4867
2275
3902
-3814
4715
4215
-4997
-1791
3081
4638
3498
896
3613
4928
284
1186
-4196
4538
-2144
-3457
-1862
-665
4554
3185
-2716
-1106
-2076
3871
3576
4952
-2301
-3643
-649
-2380
-2391
-2889
-1382
-391
1204
-1760
-4330
4486
498
-2440
-1307
-4320
-4910
1686
4967
-4219
-1909
4238
3728
-1552
1624
684
-202
-4522
-2061
549
2978
4975
3159
-3399
4525
3855
-1492
-1381
4441
-4013
-3752
-1969
-2039
-3094
-2214
-3045
4371
2988
-735
-1544
3670
1056
-4516
-250
892
1476
376
4370
-4249
-3221
2239
-1157
4824
-2241
-1570
-2038
-2097
-588
2647
4484
-1739
-2930
1520
3605
2335
-2509
2723
-2063
3531
2463
-4126
3501
1008
2748
3831