-1645
-3170
-987
1871
4270
-1648
408
15
919
3813
4924
4693
944
539
4163
-4808
-80
1313
4418
-1820
-4407
4810
2441
3319
932
2743
-1366
2240
-4904
832
694
1047
-710
-2286
-2844
3487
-3253
1845
-647
1943
3677
-3364
3799
1964
-2200
3744
1777
-115
2013
3629
3069
-306
-2870
3893
-438
1888
-1520
4627
1002
-2868
-3361
4233
3625
1106
-4833
4634
-2744
-4379
-3012
-882
2578
458
-4438
-4779
-4829
4092
-4910
1860
-3975
-4334
4046
207
4745
2318
2544
1664
3432
2547
3722
1306
1115
-81
-2210
-1126
616
-1150
-4848
678
-4240
1292
-3891
50
511
2002
4747
-4814
177
3676
314
-316
-115
4711
-3950
-646
3666
481
-2105
-3333
-2703
-157
-1604
3435
1406
2489
-1043
-3317
645
-1230
-1770
450
-4528
-4115
-3184
631
1781
-2416
796
-3113
3601
-1751
-2095
-716
-2864
-3763
2813
4647
1597
3081
921
-3828
-1545
4183
-2451
3776
-1293
3144
-1905
4940
-1727
1611
2223
3128
-2535
4265
985
-2187
-2840
2996
24
3888
-4964
2478
2840
4036
-4401
1677
-3906
3377
-1600
-2848
24
-582
1833
3312
-2462
2716
92
-3507
3168
2357
-4074
1800
-455
4589
-258
4745
-4446
-3606
1609
2575
-1822
2610
-2185
4819
398
-2280
843
3681
1852
2470
-3634
-4380
3087
-4641
3761
-1711
-486
4075
-3866
1500
-2797
-631
-644
2324
-1172
875
-2955
3117
-3373
2894
557
-1997
-4139
2483
4608
4624
4368
-4611
-4504
-3233
3400
823
2411
-4179
-275
2349
-1738
545
2696
171
55
-1196
3133
-1009
530
-382
-147
-1536
-2921
-3679
-272
-3337
1637
4602
-4861
-4861
1405
3836
-1135
-3627
4672
-304
3151
-1255
-3961
4721
-4989
-2271
871
-152
-294
3943
-838
4645
1158
-3238
4114
3592
2183
-3801
-3847
2485
1958
-4792
1434
-4376
4253
-4652
-2499
1929
-3930
-2852
1197
-3590
3648
4762
4443
3603
-2425
-1941
-4430
84
4440
-1727
2097
773
1300
4279
2192
-944
3347
4745
-4957
2114
49
-1832
4781
-2084
4059
4452
-4795
2766
-3253
-3291
-1254
2314
1276
1590
1581
-2692
-910
4832
3735
1429
-4149
-3245
1357
-4672
-4029
-103
-4014
1818
123
-4601
4994
3598
-4447
-3787
2934
3206
2274
-4590
-664
4999
-2108
-3474
1554
-4502
3183
-942
3413
4219
-1161
-1425
-3190
-2152
675
-2069
-3484
-99
3482
3193
967
-223
-291
-3551
-2296
4722
-4811
845
-2159
2841
4426
-3584
2339
-277
-2583
-1890
-1024
-3952
-1064
4056
3662
-230
3184
-1094
-531
-3736
2570
-820
-3120
687
-3804
-3877
-4049
4640
-1473
-3015
-2208
-2871
4494
3287
2355
1575
3813
-4367
4913
-428
-750
-45
-4810
4342
-1904
-3100
2722
-4372
-3227
-4654
-2831
-3660
4582
394
-7
-2981
2237
-1446
-4809
-4021
3480
-1124
-3571
-843
-3836
-377
785
4717
3032
-3398
1906
-2067
3802
539
-4791
4470
2413
3429
3444
2188
4961
4577
-2008
4620
1627
-1619
-1076
3885
3187
2689
4337
-1017
2397
4168
-2175
-1568
4597
3526
-24
-3200
3628
1737
4375
1432
2430
-579
3429
2962
-559
-3697
-2941
864
2245
-110
-4817
1060
3401
-1528
978
-2294
191
118
3346
3133
-3314
190
3984
11
-351
-1802
1800
-3872
-3573
1160
4979
-3289
-2051
3594
-1061
1694
-3119
4128
1530
4362
-3557
-287
4953
1279
-1194
652
-3223
-70
-2663
-1461
4520
-3314
-3348
4658
-4814
-2904
-3754
4690
-4399
3526
-1768
-878
1704
2587
3691
2707
668
3985
2902
-3002
-4099
-73
-751
-527
1374
-713
1530
251
-2975
1051
-2332
-2561
-1697
1722
4624
-3701
-1238
514
-4684
-1413
-4085
4399
316
-4503
-2913
2984
-3146
-1519
-1569
1873
-2349
3913
4177
4000
-465
4046
-4884
-2650
-385
-1935
4824
-4973
4137
669
-111
314
-11
4147
317
-3020
-3817
438
587
-94
-4504
1943
4641
4038
-3207
4356
-917
210
1583
3771
3677
1928
-843
1559
825
3945
-1226
-3805
4372
1684
1820
-2956
-4673
-1253
2692
3147
2935
1587
-4450
3680
3539
2776
-48
-3853
3032
392
518
-1615
-4437
2060
-598
-719
3041
-1198
-1563
431
2694
1387
-3350
3411
-717
2607
2372
-3432
2594
2897
-3091
-3995
-4287
26
4578
3912
1356
1364
2569
-3901
2586
4726
-3454
4690
-2699
737
3610
1728
3301
1168
1662
2646
-4911
2193
-3548
2110
-4798
379
-832
2643
3533
-2687
-2018
-3246
-2493
-2979
-272
-3558
2886
-617
-315
-2061
798
-68
-2868
-4139
3987
-4787
-4913
3176
149
-1673
-2605
-4119
377
-4779
1177
-292
-923
3596
-4374
-3611
-4939
4194
-1059
-3344
4062
-3888
2223
4814
-371
2779
3092
519
2105
-2423
254
898
-611
2624
3962
-38
-3120
2337
-3268
947
-2564
-147
-493
2695
3561
-3392
-3395
570
2382
3295
-1056
-3016
-2434
4162
-3745
-3500
2993
-1691
-345
3728
1099
-4253
-161
-4775
-1988
2279
1145
1251
4625
4452
-4288
520
-183
717
-2300
3371
-3471
3057
-1502
-350
1246
-632
-2344
3341
-4368
202
729
-3340
-2616
-1610
4710
1550
4443
1351
4415
-4114
1707
3483
1033
3100
-2595
-3576
-571
4452
2284
3103
22
-4925
-3082
-672
4174
-3360
-3526
4030
1881
-4290
1765
-97
2531
-3580
-4992
-4804
3327
361
-2956
-4231
-4833
-3982
-4682
-3663
3907
4123
-3149
-1263
2516
598
-143
1359
2513
-2089
4263
-4185
2146
-2046
-1789
337
-2357
2188
3141
2250
4416
2350
-2171
1444
4987
-966
-4854
3259
-4895
-143
1352
1123
3078
-315
4474
2795
-4661
-4243
4471
1496
2372
4572
3929
4270
3827
4944
-4672
-897
-2398
1707
-4723
-648
1724
3924
-1529
386
-1208
-2367
-1784
3441
1419
-4562
-1641
-3066
4898
670
4399
-188
3833
-1321
1246
112
2492
2892
-1938
-2248
3129
3048
1957
623
-4375
2297
4135
-3800
2796
4092
4270
-2211
-3819
3187
2686
-1550
-3906
2294
-2292
3239
-4728
-1215
560
-3711
461
-1950
3996
1562
-862
1517
-539
1046
-2242
-4678
3615
2145
424
1341
3011
3114
-4143
4072
3504
2492
2542
474
-337
-407
2130
-3298
4506
-1869
-477
2699
2039
3083
4892
107
2134
-4245
1988
4265
-4897
3437
-2837
-4317
-890
-398
2659
-4529
-3490
-3515
1530
3808
-1054
-1176