3432
2778
659
3609
2611
4291
-2077
-4813
-88
-1558
-251
4139
3992
-524
988
-2778
-4804
-4165
4259
3677
3602
-1425
2733
-4925
3858
2744
-653
-2009
-4096
3166
-3579
-3964
4457
3682
-3889
126
389
-2612
-935
2986
-3836
2716
-2521
-2982
1953
3472
-1855
1723
-3052
1829
-2901
-2232
-4513
-1912
-1326
-2474
-80
2393
1534
-189
-4597
484
-984
-3274
4544
-3080
-1718
2366
672
1930
-3343
1809
-3406
1202
4084
-4519
2583
-195
-2728
1288
-1320
-3256
3234
-2551
-3105
-4603
783
-1252
3214
-3455
-552
-1783
-135
-884
-1463
-1436
-1486
-1618
2788
1800
-4992
915
-3474
777
1167
-4855
-287
1738
-442
1978
4455
-1856
-1866
-1030
900
4064
3684
-3313
-413
-4305
3830
-1311
-4276
-3718
4352
-2518
-532
932
1239
-1774
-1707
-3183
3044
-2969
4171
-4396
-3073
-3861
-1022
3795
-3887
3132
-2067
-3971
-2819
1974
-2695
883
4916
1175
3964
1841
3095
211
-121
495
2863
2672
-4013
2903
2273
3602
-1241
-3021
-2535
2607
-1876
-1784
-2962
-4845
-62
-4910
1165
3881
-4216
2543
-3033
3342
1272
-4370
355
-2356
1615
-449
557
-566
-575
-3508
-4829
-1085
1628
-501
-1382
33
2240
-1593
-2134
2028
-4224
43
-4304
-2534
1631
3471
-3841
-3946
2543
993
3637
425
-2222
-4213
-2811
3579
2506
923
30
128
449
-3186
3928
1184
1562
-617
4119
-327
-4049
2180
-3829
-1644
1462
456
-1861
2556
-4005
-3243
2851
2012
-819
597
2856
505
4794
3497
1383
-4018
-4548
309
367
-2325
2998
-1112
-2695
4499
3071
677
-3082
2649
4479
1979
773
937
-3146
2996
-4281
4504
2290
4640
-1087
4689
534
-2853
678
-1219
3266
-886
-2822
-3830
-1841
2740
969
-337
-2009
2840
3651
187
-249
4456
2019
3428
645
4038
-1619
769
672
2578
1390
-874
-1647
-554
242
896
-3320
2884
644
-3838
3670
558
1971
3322
3022
-4085
375
-1541
4956
327
1694
2171
-4082
770
-3787
1270
-4863
2804
1500
4175
-2089
2621
122
-1666
686
-4337
4044
2297
-1434
580
-4700
232
-385
4342
-2853
4283
-4555
3768
1943
-3606
-3366
-1989
1689
54
-3573
267
702
-1845
-1470
-4527
-3350
1723
4801
3945
1052
3291
1323
-3052
2805
-122
-136
-59
-4152
-3252
367
1663
4928
4015
-3213
4451
4133
4965
3872
4478
-1225
-114
-2733
-2223
-3344
1912
4532
-3872
-4484
1256
-1713
-162
-3030
2973
4673
-4355
-2412
1646
-4012
-4068
2739
-632
-4814
-1307
4013
2486
-3052
-3056
2365
-2847
1663
3779
4911
-759
3143
-4998
-2722
3779
3868
-4420
-1580
-2771
2745
-792
4873
-680
2380
795
2614
1857
2020
-4780
1220
1832
-2278
1296
917
-343
-1509
171
-1201
369
-2191
111
-1750
-176
3230
-4703
4536
-4042
-3103
3114
-2534
3455
2468
-2327
1879
3350
3319
2324
3632
-1661
-2359
-640
3190
-1176
4037
3216
2784
-3132
844
-4454
-3479
3703
-4480
-2700
2210
-1926
3771
-3889
3864
1227
853
-1479
2039
-1277
-3424
740
-992
924
-2906
427
-4839
-2426
4302
-2785
2360
-1310
-1432
2073
-4165
3860
-3788
-2480
-302
-2521
-4111
2078
50
1101
-2520
2417
-2774
3990
1812
877
4369
-49
-1859
-60
256
3901
138
2190
-3444
324
-4937
-4470
-4278
485
-4459
-3031
-3902
-4705
2674
3592
-2194
-3502
-4140
3734
-335
-2321
992
-1131
-903
-2117
-1009
753
-4761
211
430
985
101
-3814
712
-4595
1301
1945
-4610
-461
2912
-2804
-3518
2261
-4307
-4241
-1810
-1613
369
-3636
1859
-3986
-2255
-577
3846
950
3076
2248
2572
-3400
-2123
3872
-1874
1170
713
515
-1802
-62
4818
1462
1025
373
2269
-3890
1846
-3443
-2006
-4405
-1564
728
-1183
-2567
-4715
-2975
-1407
-1708
-145
-3742
-2474
-832
-713
-3723
-881
2908
-1561
3743
-2117
475
3551
-1709
0
-1111
1255
3154
-3520
-430
-871
3537
-4233
-1811
4188
-694
-4269
2780
-4661
1868
2705
-2061
675
69
-2891
-4932
1284
-2675
-4172
4183
-1128
-1768
-1569
-3755
-4759
2624
3615
-1601
1217
2513
-2282
-3211
1089
1515
3124
-145
769
-677
4735
651
1854
2241
-224
-618
-285
1183
-566
741
3513
3126
2190
378
-592
2339
-2418
-1892
-847
4723
1684
-2689
2967
2924
-1938
1987
2563
-3137
3862
-2214
3662
4087
-1047
4604
-2193
-2432
1841
4129
-2334
-2921
799
4929
2581
-2814
-818
4444
413
37
-4581
-924
1558
-1309
-4239
-2799
4948
989
-2166
2672
-2826
3847
-546
3659
3145
3274
-3328
-3955
-2823
-3037
2918
-4675
3019
935
1258
-1511
3856
4434
-3784
3605
3899
-1260
-947
-289
522
1837
-2342
1521
4358
-3364
1416
-1253
-1220
4371
-4405
-4692
21
533
-2972
1957
2168
-3767
-4980
-1568
-641
-2833
2573
1046
-998
892
1844
-486
4581
-3482
1814
3864
1898
-1125
4253
-4201
4922
-1526
1954
2037
1517
2853
1929
2230
2038
-2216
-4396
902
-322
-2285
-4414
-2486
2597
4720
-3623
-554
-2905
-319
-4776
-487
3610
-1372
-4500
3324
-1397
2374
-2276
294
3231
-577
-2123
2930
4766
4772
-3473
4505
-1219
-4129
2689
1396
-196
888
-1073
3246
-1559
4614
1006
-3192
689
4329
1435
-1684
-4109
-4180
-4344
4299
2232
-2823
-1657
3859
3667
144
355
-3479
3982
-1278
4991
-4764
2525
-2135
-1905
900
-1970
389
-2876
-2359
-4422
2529
1422
-2668
-829
-2562
4975
-615
-4144
3356
4918
-2198
-1592
-870
3879
-3501
593
-2162
3350
-3020
-2961
926
-3652
3921
-1657
-1124
-511
-1727
-1314
2285
-748
-2431
2139
4222
-1378
4398
4528
-1059
278
4826
906
-1555
-2998
103
4162
-1308
1660
2918
827
-3721
624
781
3086
2821
423
-4455
-4542
-4573
1450
2974
-4502
2049
-575
-3094
-3548
-3190
2618
-3224
-1475
-1127
915
4940
148
3468
3943
-412
2609
3784
-3756
-2123
-814
-1609
-4466
-1382
733
492
3831
397
1814
-1480
3231
1889
-940
1288
1508
-567
4675
-3244
-2234
-3982
-4288
-1827
-1486
-1611
-4731
372
3907
3826
-2329
-4035
2093
-495
556
-4827
-2316
3020
-1084
2380
3909
854
-2750
-211
-2040
429
574
2377
-1077
4885
-4136
2721
2762
-414
-683
-3161
-1624
4803
-173
-2709