-666
-3257
-1280
4891
2376
1371
1972
3624
-1552
-2095
3543
3615
-4320
-144
4614
-1911
-3968
-4830
1307
4750
1423
-1753
3026
2533
4442
1716
-2452
-2953
-3378
-3636
2225
-517
2467
-826
3230
2964
4937
-342
-1665
819
-1547
-3033
-1467
-4841
2735
-3436
-1483
-1348
2215
1280
-4572
1031
-1787
-2627
-2243
-2643
-1008
1189
-1021
-4682
-1761
-2575
-875
2385
664
1467
-742
-3354
-2223
4959
-3186
-4832
-2873
1564
642
-3961
-343
-4763
-45
1084
-29
-789
-4041
3168
-4804
-1003
2250
-864
2299
2774
3921
-3513
767
-285
1616
4283
-3427
4006
2816
-4082
-2800
-834
1586
2199
-211
1874
2845
-616
4216
1668
2623
-2412
-157
-19
1604
982
-2153
3697
3525
-3770
-1312
-2577
-2580
-467
-4632
-2635
4148
517
-2406
-404
2024
954
-3853
-3665
1656
2808
-480
-153
3526
-3649
389
-3549
-3433
2968
-4879
-3479
-3814
-291
525
3435
2267
568
-4879
-3252
-3272
3084
-3510
-2464
2298
-4493
-2078
1431
4590
-3504
-309
3771
404
-2978
-18
-3938
1401
-1079
-1520
-3408
1623
-4317
4704
3253
4802
1203
834
2883
1609
-4768
223
2497
1818
-1033
-2553
-2990
272
2106
694
-2334
4984
4718
1688
3557
-2246
1735
1469
-4118
-2198
-3270
-4134
-2752
-1248
126
3322
34
-1970
-4844
1286
-112
-4245
-3647
1158
-1407
-165
-3310
1929
282
3300
4991
-569
-4669
-249
2233
3682
2364
-1549
-2843
-2648
-2539
-1729
2030
-187
3389
-3966
-1290
-640
3712
-236
-886
-2342
-1218
-3674
-2098
-2053
2127
-3188
-2553
-3390
865
-4946
-4324
1553
3403
-4949
3350
4223
2063
-1572
890
-1526
-1537
-2750
3958
3513
-3290
1956
4420
-1687
133
-3048
-4966
2661
2323
3398
-3383
2573
330
-1133
1324
-1548
94
3834
2935
208
-2524
-4987
-3086
3654
3215
-3491
4583
3752
3970
3949
-2878
-2670
2681
-3240
197
3718
74
-2674
4553
-4193
-21
2269
-223
4095
4623
-4643
-3913
893
1788
-3840
3635
1007
452
-2376
-1689
-1972
2008
-1210
-3039
-1318
-3608
-2796
-1163
-3902
2216
-2850
-3141
802
2238
-640
-4375
2597
-3380
-968
-2771
-3126
2021
4636
-1091
-1792
1158
673
-3936
-3451
1021
-347
-937
-2391
3102
4734
-4753
4568
-3570
-2900
-4588
-4853
3651
1553
1946
-1176
-1159
698
-3275
-2069
2931
-4672
4521
-2188
55
-969
2596
442
79
3722
4401
-4031
192
4132
-4674
1033
4114
-4581
3778
3060
4624
-3047
2261
2493
-4377
709
681
-4838
1754
2987
-3862
-2426
-1941
-1156
-2556
-3826
-3483
-4207
1518
643
-2945
1677
4167
3196
3195
4626
-3572
584
-104
451
236
-3739
4189
-3628
-1186
521
-999
-2331
714
4279
-2858
-455
-2404
-2984
-4844
-1895
2809
3960
-1595
-1930
-1528
-2033
-4894
4299
200
-2341
3542
2807
1611
-2243
1996
-2619
1183
-233
2847
3003
368
1470
1031
-3738
-1798
4382
3559
2705
-2382
-386
3723
-988
-2723
-13
1307
3496
1511
-3590
4172
-334
2373
-2326
-4626
-1180
3258
-1463
4014
-3991
-1352
1953
2842
1034
4698
3046
-3684
832
2101
138
-4600
-1706
439
-1997
2753
155
140
-4735
335
941
2118
2502
-780
-4570
-3527
-3091
-4648
-535
2312
354
-2019
3413
362
2115
3144
663
-1067
1380
-3427
-1734
627
3280
-2040
-2044
618
-4688
2400
-4409
3141
4952
-82
-1054
-2658
-3208
-626
47
-3511
-761
1796
-131
-1370
4982
-4669
3521
3260
-2184
4889
-3744
-3952
3023
3906
-872
-1198
276
1706
1321
3922
-3495
-2212
-4573
3612
571
796
939
2058
-2593
-4280
936
-661
-3537
-4361
-4153
-3476
396
955
-611
4668
-2765
2345
-1104
4512
1581
2995
-4379
-3542
-2331
-1815
815
-682
-4959
-3793
3734
-591
1122
3569
2099
131
-3925
-2796
-2281
-4878
2971
-2129
-3313
-3229
-3446
-19
3466
2970
-4688
-2736
1254
-3642
-1250
2523
1551
-4602
1369
-1984
1259
-3906
-2055
208
4291
-711
3532
-2438
670
4362
4841
-2528
-1106
4400
-861
-348
-1837
516
-4966
-4386
-2717
2722
218
-434
-4992
-2892
3702
-3973
-3585
3922
-3708
2442
1662
-3649
3582
345
1491
-3995
-488
4536
331
3189
1931
611
2288
-1338
1109
-323
1889
4328
3675
2279
-4242
3994
287
-3907
-4888
-2178
4486
-4586
-1194
4407
1948
-4429
-3143
3937
795
-2547
2210
-3287
3590
-1239
1946
720
-1901
4919
-2843
3307
-2486
4476
2113
-676
-4451
3750
-1710
3345
15
-2574
1983
176
-2138
-4100
4394
1876
-3388
-1143
3218
1351
-4494
510
-601
-795
-2294
433
-2120
2046
2519
-4387
1129
498
-1020
1949
1685
1111
4101
-2394
-4696
-33
1786
3289
1903
3241
-898
-4202
-937
4527
4834
4438
-2777
2084
1173
713
2899
4112
-354
-2514
2283
3043
-4465
4461
-248
516
-2892
-1529
-2517
4467
428
-3153
293
-5000
-10
-1297
-1602
-1641
743
-3894
2626
4232
-2612
-4598
-4599
-4316
-4774
2785
-3056
710
3968
182
-4494
1265
-1689
3111
-4274
3523
-820
-3063
-2960
-3023
-2771
1457
-1229
-1683
-2234
2835
-4137
1286
958
-56
-3060
-3198
1304
-2677
3209
-4271
4463
-3274
-1815
-432
-3774
4390
-849
4859
-3354
-3831
-2185
-2692
2983
-3880
905
771
-1607
-2870
4791
-3560
-1491
-1367
-2926
1695
-1839
-1016
1932
710
-2535
2805
-2237
3823
-4276
-2761
-4043
2336
4563
-2471
2434
-1131
-413
3261
-3964
3419
-2671
-2634
-4955
-1703
-4380
657
4268
-3199
33
1464
-4771
4869
-4587
1239
3108
1037
3925
-2146
2847
2797
3447
-746
-1682
246
-1984
2926
-4152
1229
-630
-1400
-3927
4472
-4070
-2437
-3512
4694
224
2327
264
-4911
-4608
1542
-2901
-4864
-3237
3612
4868
2175
3650
-1782
-2284
-2494
287
2498
-385
-80
-1171
3307
4589
-181
896
4695
3175
-3936
4315
-2948
3486
154
4803
-4456
1704
-2432
59
1331
-2287
-1008
-2030
-1205
-1731
-2689
-3780
-4148
3225
-415
-4172
3501
-4282
866
4190
1510
3594
-2915
2856
-1800
-3327
-1809
-2643
-4049
538
-2591
-2536
3620
-3322
-2135
3933
-2059
2317
-4912
-4800
-870
-262
1551
-3022
-1035
1807
-3069
2140
-2628
2831
4800
-735
4819
2204
2534
-4191
-44
-4219
1087
-1345
-559
-4261
-569
3706
3874
-191
1870