3723
-2665
-655
-3525
531
-888
4053
903
-3411
-1775
4454
-4138
273
3778
4752
1092
-4843
-3485
1576
4235
4774
670
-64
-1946
-465
-947
4836
-3512
-645
1829
1283
-4398
200
1103
-4680
3890
1081
-4491
263
-2060
4380
-2592
63
-1
-2580
3173
-1746
-3450
4697
-401
1496
4609
875
2816
1891
-3091
-4437
-3702
2279
-4628
592
2750
-691
2825
2846
4
3127
-3106
-738
3577
-265
3076
371
-1002
-4894
1405
-3093
401
2880
79
3658
4305
-1169
2788
2509
2855
-2893
-1820
439
-2943
2464
847
3667
-2164
3456
-4795
1894
3497
4597
-4663
1598
1247
-3066
3689
2090
3740
-2001
-2630
-1413
-2217
2120
-3609
-4458
-191
4929
-4962
-1309
1127
-3045
-1565
-4634
-474
3969
79
615
4556
345
-2806
834
-4668
2735
-3137
-2747
-1824
-3075
1848
3992
-4215
3340
2301
-720
-981
4564
-662
1037
3742
-1008
-4109
-2548
-4740
-2828
-1661
530
1055
-1776
4300
-443
-706
-2697
2983
3681
-3737
-47
3112
-580
1479
-3727
-1940
-2006
4359
2866
-3641
-460
-3128
-3646
-2764
3408
-3110
4243
-1704
-3869
-1768
-4363
3012
2383
-3137
-3017
831
-2153
-379
-1377
-2779
-4407
-834
4515
1975
-2315
-941
1065
-2252
-1011
3119
-4890
4701
1036
-3802
-949
-3108
2871
547
-1416
-261
-3460
-3778
-4699
2836
-3623
-141
4771
-2652
3329
814
-501
1363
-3206
3533
381
4418
-2114
752
-1032
-4687
-654
-3930
897
-3355
-816
4654
2145
2887
4356
-138
-906
2080
1503
-708
-3479
3815
1108
-4223
4717
1925
203
-3766
-4858
1229
2383
-1318
4712
-3816
-4806
1289
3549
-4131
1655
3690
-2910
4445
3417
4120
4528
81
2806
2960
40
-4126
-3026
-327
-4800
4329
-3373
4493
783
966
-1700
284
-2410
3684
-40
-255
958
196
1590
3163
2451
-2309
-2615
-4414
4385
-1474
4499
1589
4729
-58
4743
-3887
-2991
2334
4091
2943
4293
-324
820
-1802
-4714
-234
-1380
-4912
-1706
-3526
2279
3895
-4530
2294
1661
1273
328
-3969
1669
-4843
-3159
1671
-558
-2084
-366
-2715
2913
-4821
-4793
2337
-2186
2996
-3603
-696
1941
-1957
-3949
-339
3345
-3551
-3498
1286
2216
-4728
2327
1940
1929
4084
1356
1720
-2829
-1415
1203
-4167
-3272
-2895
687
1378
-2198
4580
-50
-3953
-2910
-1622
-834
1696
2746
4942
-444
3778
-1427
3520
2714
990
3135
2617
-20
1463
-4480
1198
243
3197
-1819
1992
4188
1968
-2380
2625
-3150
2613
-2102
3845
150
2097
2999
-2030
-4417
1923
1489
-2159
2639
2705
2081
-1237
1848
4681
4412
1908
2949
4975
-3105
-1763
2745
2393
-1858
-1195
3928
-4473
3668
-595
-1411
3799
2982
-1588
3680
-2223
887
2781
1747
-2942
-2697
4083
1569
-688
-2624
3442
3578
1160
3286
2965
1072
-1256
-591
-1267
518
2096
-4633
-628
2802
1873
-4388
-2404
2438
-199
-3794
2841
-4985
-2244
434
-1783
593
4588
1719
3692
-4926
1048
2918
-4280
-1393
-1572
-2844
4297
-3662
-4866
709
-3428
-1316
320
3493
-183
4426
2677
-398
-3017
3503
-262
-2013
-3919
-3734
3055
-2265
4467
424
-2283
-663
924
-184
-3383
-1793
1823
-1462
-3321
-2889
540
452
1398
-1987
4082
-2165
1252
2167
-4660
-169
-1179
1309
3412
-4394
3092
2905
-1451
2307
-2553
4418
3734
839
-4856
3916
-3404
-2394
2678
3979
-1377
2483
-3994
1554
-3917
3415
477
4333
91
-2334
1811
-4197
3605
4155
-2720
-1585
-3729
-22
-4116
3003
-3688
2171
3158
-3953
519
-1429
1482
-4850
2310
-3147
391
-6
3713
-737
-4455
-2350
-2589
-3885
4507
26
4008
-4556
902
-3874
4526
1714
-2534
-1324
-1953
1644
-3338
4750
2237
-1618
-169
-4276
176
-4311
3311
1832
-1006
1114
4517
180
-3603
-1132
3001
-143
-2839
1079
3216
81
2201
4383
-4372
-617
3263
-2553
-1233
-1891
4825
-868
-46
3636
1823
-1101
-1622
-1920
-621
-4198
-789
-1305
-3108
-1673
1389
-401
-3441
-813
-3531
2881
3285
-2992
-3377
-3529
3318
-4571
4686
-3932
1179
-3735
-2737
-1027
1423
-1198
-4093
-976
1026
3189
2796
4527
-2333
3152
-400
4298
4688
-4826
4677
-4789
-4768
-3771
3306
1109
-1265
3634
-2900
-1817
1305
-3631
-62
-2343
-1140
4501
-2840
-2661
4615
-2491
4696
1805
1526
4666
4139
3383
1430
-894
3627
1751
2614
3602
-2722
3889
-311
-3551
-1822
-3580
2112
-184
-708
-3172
1770
4351
-2261
1976
-2847
4224
-1396
-722
-2208
4369
-3473
4730
-4797
-4568
-619
-398
3016
4439
-3267
-1021
2987
-4500
2090
-1343
-4266
-116
1932
-4402
-1627
-1726
1718
-4660
4414
200
524
-3259
641
-954
-4564
-3882
592
-1706
891
-4876
-2978
-3646
1341
-4631
-3938
1992
2395
1576
-1432
-2297
1924
3990
2225
4807
-2241
-1650
4224
-1956
-2614
2447
620
-4814
-3378
2810
783
-129
98
-4725
856
-1810
2547
2659
-354
-3067
1471
-4730
836
3950
2469
-3914
-4469
4975
2673
577
-1479
4213
-1341
3115
81
2288
-1796
645
-2044
4777
2460
1475
2482
-1252
2163
-2786
-1459
3641
788
-4216
2334
-1140
-1015
-4601
-4572
510
1613
4868
-3648
-1653
-564
-2815
1106
1629
1877
4771
-434
-1804
-4146
-2622
3393
831
4103
-1331
4791
-3627
-3947
-4312
52
4117
-1752
-3780
-4913
559
552
-1015
771
-2576
-3843
-2042
1504
1679
4154
-2578
-1994
-1802
1065
1619
1668
-1395
-3328
-3449
4703
2619
-4390
-1484
4534
4920
2057
-3895
3964
-3222
-910
-3646
3887
-4976
-4415
3670
-2894
-4682
-1624
2667
-3538
-2779
-4836
280
-1768
-2472
2944
-1152
-713
40
4364
-4666
-2059
-4784
904
4247
-3472
-1591
-765
1168
-2030
-4732
-3087
-3789
-4162
-2059
3780
4313
-1380
4785
-2495
3656
208
-2573
4228
-4779
-225
2590
-1419
275
-3877
-3770
4329
-4259
-42
4833
4529
-4481
-1195
-3466
-1242
2568
3402
2034
-2077
4296
-2576
2760
-786
-2498
3577
-4948
1946
-2391
-4053
-425
514
-2047
-1856
-2524
1808
1999
4186
3904
-3966
600
22
1986
-4306
-158
3432
-2389
-1874
-3128
-4298
-4380
-709
-4062
-1221
-1823
4077
-2827
2462
-2521
1953
3461
-4060
4694
-4223
-3940
4199
404
-2101
-2460
4625
132
2746
3250
561
809
3902