951
476
3066
1869
4845
-3681
2990
3630
1288
-3490
-495
2366
-833
-3680
-128
-1259
-4221
4153
-2672
-541
2313
-3040
865
-2849
1101
2262
-1041
-3728
-3716
3649
-1930
-2125
-1016
3863
1596
2136
-594
-4029
-2950
-2641
-2450
-1214
2563
1566
3287
-2997
1513
1358
-2683
2147
-766
1373
-1220
121
827
4641
-1987
-2176
-4951
-3975
3206
4378
4825
-275
-2401
2468
3806
-4521
3142
-3576
1141
3818
-4010
-506
789
3867
-4958
-1120
-2014
-2737
1218
-56
814
-2048
105
-2132
-1544
-2900
3563
-4185
4212
70
4716
-3622
4426
-3898
-2577
-2277
-3409
-1465
-2872
-1885
3262
-4822
-3744
1902
1997
-4727
373
2806
-3232
-3867
3325
3740
620
-4150
2991
-318
1170
996
3728
1550
2984
-3022
775
957
-941
-995
-188
4981
-3240
3381
1500
-163
1
-1719
1657
-1813
-929
704
-351
670
-1090
-3057
-3434
-1240
175
-2620
-4761
1924
2741
-2421
3201
4302
1716
-1137
1968
3205
585
7
-54
-57
363
-4274
2017
-3815
-4532
-2104
1669
-1567
4011
1556
1951
2368
4041
-1043
4693
4174
4467
-461
-578
-4115
-4923
-3618
-1895
4254
-3080
-3052
308
2135
-1538
1929
2157
3286
-1865
-2676
3790
2839
2995
1887
-2037
2199
-1425
-2062
4132
-3636
-744
693
845
352
-2924
-721
-59
-1131
-1769
-4597
-3465
-2479
-428
3918
1076
-4700
491
2425
-1404
1703
-4632
-3410
-4975
-4651
-986
2729
-365
1202
-606
155
3081
1452
-705
1393
2432
-3113
1146
4716
-2306
1351
1930
-4828
4648
2833
-4532
4348
-4181
2159
3729
1505
4191
-1742
1538
4356
-314
-3189
58
-2444
-1080
-2692
-540
-4061
449
2859
2022
-1933
4502
-3319
1788
-631
-3129
3864
-1979
2479
-3827
4872
-4468
3118
-1341
-2168
-4232
3854
1188
2133
-3826
2185
1172
-3663
2525
807
856
4030
-4823
-1055
3152
-1169
-1982
254
-144
4330
-1751
-566
-2682
3242
4510
-3477
-666
-183
-3434
3902
4857
-1942
1976
4552
2795
-1874
-4514
-4314
1577
3494
-3071
-1462
-4190
-2093
-3295
-3912
-2890
-3706
844
-2770
-2078
-161
4464
-1671
-3885
4831
-753
2134
-4546
1015
-1425
-2530
-3327
-2187
-3724
615
3788
1109
-3328
-1048
1848
1495
-3987
1023
-4807
4588
3076
1357
1396
-1591
-1238
4044
3040
-2871
-1269
3604
-3891
2118
-233
-4619
-4496
-2503
1801
-2499
869
-1337
871
681
-236
-662
705
-2820
1249
626
-2026
4261
4190
1386
-4265
-4821
-1868
4022
-638
-32
-32
3679
-790
-4584
-4172
-4327
902
-3805
4661
-2073
353
1377
-4613
-4708
4063
-3663
3396
2285
4522
-519
-1276
4617
-4718
-2488
4229
-4601
3723
2236
-968
-3547
-4446
-2320
4947
-3229
385
414
-1801
-3149
3519
-2806
-4491
-1558
4585
-1721
-1738
4764
4296
1714
3216
3482
-2426
4697
-4314
4010
-3883
-3960
-4051
2981
3673
420
1467
548
3905
-855
-3517
3090
-2724
-4684
538
-3992
847
-485
-2037
2349
1358
4001
4345
1306
-3695
4676
4932
4465
-4766
3752
4829
-4736
-3386
4338
-4129
-2344
-2345
-2209
3904
-3421
4752
3099
-472
-1110
632
4510
4943
-1984
-967
4406
2556
-1146
2202
510
-468
-1957
3511
-2694
-722
-1643
-1012
-4841
-4210
1814
-4319
-323
4594
645
1977
-104
-2922
-2211
-3103
1097
3798
-579
2157
-2686
3040
3458
-3262
1143
-1908
805
612
-1645
-3220
-3834
-2843
2398
-1086
172
1702
-4128
4880
3863
4734
3006
1966
-3882
-4326
3337
-1105
599
-2584
-3049
1009
-3941
3956
3730
273
3747
3103
-1315
-4912
-1901
3091
2991
4989
4170
4296
1709
4916
2657
4208
3652
4895
-2524
-3751
-1007
-1116
-4446
531
3098
1563
-1327
-3257
424
-1841
-1097
-2639
2619
-1596
352
-4101
1722
1554
-3905
-2375
2562
4046
2617
-4725
1573
-2728
4380
-1129
-2848
2544
1909
310
3249
2533
-1770
-1665
-4201
-1062
-564
40
-3816
-732
1140
-1132
-3354
-2528
2061
-350
2103
4526
3320
-1034
1291
3091
-3044
4509
-4021
1101
4867
4475
4501
2843
-1602
-3244
-861
-4668
2352
3192
-608
896
1379
2940
4524
1678
2829
3938
2817
1720
-3838
4221
67
-696
-3532
-2701
4338
-4911
1067
-3658
-1407
102
-2983
2200
-716
-1532
-169
1293
-243
4928
-2324
1143
1662
651
1108
615
-3163
4727
-1244
-1474
-4418
4880
2999
-1672
-2143
3568
-1528
-559
-3174
1543
-815
-3355
4847
3428
2317
-4418
-4861
290
-3377
1433
4773
607
-469
-2551
-3280
4136
-286
4099
1017
-1702
-3003
1958
1699
4713
-876
321
3342
1639
4779
-1962
-917
874
-3714
-2920
-3984
-3684
-1726
-2366
2453
-4595
4889
1846
-1540
4768
3702
175
1024
-1230
4487
1203
-336
589
-3833
-2792
-1373
-4504
2686
2502
-3187
-846
4744
2292
1675
1338
-1017
3887
-4240
-672
2138
4715
3454
4076
-1251
2797
-414
4517
3900
1685
4166
-2058
974
1045
-3701
-1817
1893
-4121
-3661
-1727
1917
1837
2455
4711
-693
-3619
-911
4745
3724
-3942
1121
-1757
3051
1048
-3402
-3012
2772
2605
1187
4331
831
-1696
-2440
1025
-4816
-2137
-2660
-3266
-893
2606
-3580
2040
-744
-4904
3142
3076
3176
-608
1998
-1547
-3663
-4802
-4152
506
4401
2739
4092
1089
-520
-3561
3174
-2935
2682
-1522
2930
-170
572
3198
335
2396
-1608
-1480
-4208
-1562
-1799
-4713
-4679
1439
4266
3818
-113
4696
-3606
4166
4425
2518
216
683
-3044
-4640
-1345
3524
-2745
-93
3652
4023
831
964
-3641
-4821
-3871
2771
1613
-1494
-4476
4160
4709
-1300
913
4978
-3937
-546
1917
1487
2806
-4570
2472
2268
400
-340
849
361
-1092
-1595
1626
2289
-2322
1240
895
4193
-2144
-4933
-1918
296
-3838
1589
705
-3840
-2951
-3826
-3177
-538
-2406
-2228
3600
-773
1504
-3891
-4510
1550
-2149
-1124
4871
-4425
-1665
-10
494
2238
1421
-114
1180
1282
-743
3305
2768
-47
2798
-1993
-2473
-369
1568
-937
-3713
-4753
3336
-166
4414
2825
2129
926
-2219
-3862
915
2657
-2611
807
3634
-2908
726
4568
3758
4852
864
4163
2167
-3042
-4706
2531
3682
1404
-4171
-4130
-2861
2735
-1488
587
-1567
-2072
-380
4090
826
-3748
370
1837
56
-1581
-1881
3636
-87
185
365