-2542
2525
-1112
2348
-3082
-326
-2418
-3509
2592
2634
-4501
-4736
-4335
-3844
-4825
4597
2650
4217
3956
709
1650
-2623
-539
-3645
-937
-669
-2670
-4191
-3146
1499
1917
-92
3883
-3482
-3887
4340
-3342
-4184
-1493
4636
-64
1466
2774
107
4557
960
-3811
-1956
817
2210
4709
3046
35
-3246
3285
-4413
-4194
-708
596
26
529
1092
-3560
-653
2809
48
-3866
4203
-2474
3946
-4533
-765
4505
3595
2909
-2846
-4350
82
2978
-1563
-4962
4266
938
2663
2881
-1751
2742
-175
1264
170
442
-4023
-669
290
-3370
-2966
4384
-2102
-4021
1192
2956
-3039
-1540
-3408
1420
2839
4658
930
-1324
3035
3197
-1777
-2188
927
2582
2442
3264
1425
-1927
4022
-3268
-4919
-1069
-3801
1075
3348
4245
-608
906
-2294
4300
-2068
-1641
-4035
-53
-4805
-3734
-3039
1889
-1595
-4175
3230
1807
-401
2341
1527
-2202
2850
1065
-1975
-2644
-3227
-863
3933
1384
3579
3078
3793
-4089
2418
4680
-4664
-439
2881
4295
1752
3095
-2810
1751
62
1120
-2514
-2859
-799
-2570
1057
4966
-4287
4791
-1814
352
-4876
1511
192
3413
-4461
-2831
4294
-3120
-4066
2805
4092
-2281
2855
-921
2561
401
-4153
1669
1448
2528
2415
-4676
-4227
2786
-4456
-4317
3383
-3989
-2878
590
2390
2324
-4165
-1916
4610
-3431
-2089
-3243
4753
-2787
4566
-4788
-3080
-2318
-467
-2778
-3620
-27
144
-2436
-1258
-3166
4941
-4047
786
2565
618
-882
4973
-3911
-2767
3666
1642
3607
4005
4710
658
4369
-3333
-4199
-2776
-2255
1700
3288
-247
690
-427
-1671
2914
2974
4768
-3867
392
3255
-2600
3557
1296
-3301
2648
1316
-3504
4468
2819
3500
937
-1644
3074
3808
-4682
-3843
4545
3983
-3280
1229
-1253
833
337
-501
3418
-3924
4860
-440
-2535
1544
-3480
1491
167
4227
4274
2128
-792
-3580
-2130
1612
2949
692
-3232
-1511
4213
-3876
2570
-2162
2161
-1750
3854
-3445
4072
-37
777
2799
2295
-1581
-2935
-2286
1030
1708
4155
3054
-683
1076
-4593
-4033
3409
-2660
2405
4345
4139
548
-1082
-4097
-3887
2434
3399
3127
4104
3255
-2487
946
-4124
126
3969
-658
-2752
-354
-2646
868
3045
920
571
4303
-1167
61
-1181
-3318
-1279
2965
612
-2141
4407
1443
2320
1836
3656
2833
-3471
4484
-245
3830
653
-1014
2375
3382
-4023
-4530
-3152
-3835
2942
2562
739
-1921
-1465
3382
-1185
-1318
-4724
3943
2531
1963
-3711
-1549
-3500
1270
-3266
-2454
-1367
-464
4998
1490
-1832
1734
-2200
-2179
2344
-3254
-956
310
659
4220
3500
508
-3075
-2444
1461
3707
1817
-1156
-909
-2264
442
2623
-4381
689
2136
-3724
2364
-210
-1723
-1334
3544
-4179
-354
4148
-773
-2425
-787
1312
2373
684
-154
4707
3558
-533
-3655
2717
-1468
3768
-1484
1974
-4703
507
-2378
-2743
-2060
2245
-3853
-3654
-604
-642
-4801
-3155
-4370
-3992
-4388
682
-3362
2386
1039
2511
498
1733
1141
903
3203
4399
-965
-1787
-2538
-2024
4119
-1006
3713
-4656
-254
-4906
-4917
4281
2348
4592
76
-2310
3489
-4100
-2762
-1931
4742
-50
-1581
-3215
-4072
-914
4638
3611
-422
2598
635
-936
-2469
3556
-3613
3814
2607
-3379
2297
-2238
-326
928
306
7
-2102
-2613
93
1365
2041
657
-3675
109
-1545
-587
-1779
2627
-3306
3447
3919
4806
-4048
-3864
4862
-269
-1107
-470
-3801
-2392
-3253
2204
309
-4041
-2242
-73
761
-4004
-3375
-4956
-2367
-2085
-3513
-158
2769
368
641
-884
500
2166
1009
1056
-1927
2142
4388
-807
-4385
-3477
-3484
3251
-2326
3901
-4780
-3197
-4091
-520
-1901
-4815
-775
-89
-4367
4379
-1334
3275
-2270
-348
410
1260
3068
256
287
-481
1954
-3760
2839
2204
4126
-1483
1864
-4964
3993
-454
3471
1083
-1950
4844
-1737
-1957
2991
3684
-2562
-4091
1425
2480
3368
-4607
3139
-877
1933
4875
3006
-3783
741
-2919
-2247
1264
390
-3817
-685
2415
412
-3649
-2545
1137
3489
4699
3559
-266
3802
496
2215
4169
562
1632
4161
-2310
4117
-3795
3423
-261
1690
2792
1295
-500
-1109
-4477
4138
-3723
2805
-1742
3718
-1282
-4560
-3064
-1326
-4160
3381
-1264
-1139
1218
-4378
-1951
-3777
-261
4583
-4112
-714
-692
1764
-2920
3734
3564
3055
-3731
179
3050
1004
2926
-4343
-4715
785
475
4399
4915
-373
3084
3269
1715
-2843
1345
-3318
-4576
-4436
-4435
4468
-2567
-2263
3264
4253
2543
1485
-561
308
-1957
-4805
3419
-52
696
4213
400
3058
-3485
-4086
-3542
875
3488
725
4975
-1239
-4781
-323
-4094
651
-2686
-3429
-1508
635
416
-2865
-911
-3379
-2163
-3001
3785
327
-117
665
3785
-3363
-360
-3459
3203
-1155
1071
710
-1807
703
-1903
2145
3853
-3804
2385
817
2955
4716
-1357
759
-3694
2990
4478
1706
988
4048
4033
-3155
-4530
-4463
3786
-2629
-318
-4426
4814
4148
4114
-738
2726
3475
2364
2128
2364
-2295
1998
-2008
1641
-333
-991
4880
-2677
633
1830
3343
-4794
-4834
-4147
3845
-1510
2938
-571
1967
-2157
-763
3696
-3124
-115
2713
1483
-2246
286
-4567
-45
1844
3393
276
3973
-1422
2015
-386
-2313
4681
3458
720
-3774
-3757
-500
-2258
-4506
4297
814
4608
-4040
-4083
2538
4268
3755
2495
1517
415
1488
-547
347
1563
-2781
-2529
2395
981
-386
1093
-3095
-3949
-1457
-3872
-288
-3813
2753
341
-3150
4286
-4636
-1968
-4735
2534
154
-3476
923
-3409
-676
2201
2831
-3889
3648
4612
-3416
-3589
-4424
3430
3514
-1866
-1347
113
-3588
-2246
-4463
3431
2761
-1411
2346
2836
2077
3491
-2209
2557
3753
1583
-740
-3923
4919
-265
906
-1954
3741
2317
1117
-845
-1558
-1773
2715
2053
-4181
2039
3617
-2454
-1454
-2394
810
4807
-486
4058
855
4760
3442
-3329
3198
1191
4557
937
3821
1336
-4673
-3151
4734
388
2272
2703
-249
425
1266
3053
4093
-3865
627
-2412
67
-2776
2384
301
-200
90
-4074
-339
1691
1224
4967
-4721
1627
4182
-608
-976
2281
-2773
-2497
-4750
-1811
-1481
-1358
1703
-621
-4639
2026
1071
-3972
4539
-664
-1806
-3638
-4430
4666
-4573