-2184
4846
1566
609
2327
-2243
-447
-654
2928
-4232
3195
4550
-1822
-4674
-1863
543
-4418
2174
-3668
176
-3463
-206
785
-3429
1564
-887
-1520
-1458
-774
1585
-2104
1908
-3997
-1676
-2105
4501
-1509
-3545
921
-939
-1015
822
646
-3194
3410
-3306
1286
3153
-3160
3677
2445
-1568
2893
-843
-1721
3300
2994
-1506
2278
-1069
-2212
1866
1052
-305
2627
-4032
-3014
-1778
-3841
-1213
2026
-3715
3956
-877
370
-4865
3265
3825
-147
3490
-1803
-1023
3275
4338
2793
-616
304
-3712
-1379
2777
-3656
-3998
-859
1367
-2128
-420
-2785
1993
2313
3303
3566
4197
493
-1349
4691
-4165
1543
-1985
2021
-3920
1863
478
478
590
4087
-2679
-4634
2658
-4707
2962
-4819
-4576
3767
-3959
-1655
1164
-4647
1894
519
-2543
1621
2625
4974
3078
-318
2948
2789
2908
451
-4010
539
4553
-4691
-3344
3655
-2146
-3654
-854
-4423
4560
-384
-1390
1711
3658
2901
-1801
1447
-768
-2807
-4511
-1015
-2674
-503
-4728
-3991
-2578
-1612
-1178
4879
-3991
4101
-2503
143
4681
2460
-4615
1581
-1825
-4851
2608
-4834
-1084
-1839
4422
-1107
3978
3531
1169
186
4582
2959
4741
-109
2593
-4962
266
-3320
657
-1084
-4258
907
4431
351
1814
-4084
4711
-479
1095
-1537
-4174
-1544
-818
3543
-1356
-4077
-4183
3209
4360
1263
-3463
798
-2042
-3588
-2124
2816
-1904
3769
3599
-2514
-1813
77
-4435
-4101
2586
4868
3998
2357
2949
3042
-2110
-1283
-2436
-3368
599
4868
1733
3769
-1250
-279
819
2006
-2002
-1443
-3599
-3824
2689
-911
4931
3345
4288
2788
1809
1410
-330
-4590
-2896
2880
-751
4406
2
1900
-2784
99
3017
1664
-3117
4095
1250
3120
984
117
615
1247
3281
-3091
4612
3964
-434
-3040
3698
-3324
975
2315
4933
-1030
3247
2701
-2250
624
4054
195
2189
2107
-3249
4856
1749
880
-2936
-1492
3500
-3300
3321
-677
1962
2134
-807
3568
456
3648
4078
-257
4858
-1306
-970
3849
-4436
596
4051
3659
-1323
-2039
-4915
-3739
-4312
3727
2307
-2128
-1585
-2713
4428
-4485
4555
-2649
-4441
1806
497
2376
1333
1440
4653
-1435
2473
1561
3417
668
-2988
640
3611
-1715
-4618
203
-4471
4498
-4962
-3445
1154
3166
-2803
-2540
-4089
-1569
1142
1128
1910
330
-1575
3162
-4464
2390
-449
2912
-1436
623
-1434
661
1415
352
4575
4621
1893
-1361
232
-4432
1780
3844
1407
2902
-693
-1081
-455
394
-1302
-4556
-2770
-1826
3484
-40
-749
4243
-4397
-3376
4097
4906
-3480
-979
2380
-4300
-3143
-4406
4581
-3660
-951
-2486
522
-2284
-2207
-4630
3001
1068
3970
-2722
-2936
3542
4611
-2414
-133
-159
2594
3102
535
-4112
-4042
-1461
1261
4676
4848
2791
-427
936
-4306
-4500
1236
-2111
-4130
-436
3967
2866
4195
-3644
-4520
-2301
2556
-1706
-1921
3986
-1508
3490
3706
-4549
2586
-1185
4995
3563
-2688
-4874
-1810
-415
-3757
-1940
627
-591
983
-263
-4127
-1261
3657
-2228
3429
-4827
-3015
2735
-1279
3454
1586
722
-68
3336
1244
-3291
-3037
-4823
1265
-2228
2600
2188
268
-801
66
2832
-2024
2862
-4580
-803
-1003
-2985
2869
-2531
4024
-3464
3566
-4424
-1139
-2968
193
4686
-713
-2605
1228
-3916
3091
2753
-1011
1497
-718
-4312
4558
4418
613
-2279
2979
-2839
3763
-2779
4107
1398
-3332
2160
-2003
-538
-1366
3432
-3870
-1089
-3973
4435
221
-3246
4358
-1966
2691
-1087
2894
-4208
187
-1388
1439
518
382
1797
3487
4695
-4147
560
2953
4385
-3455
460
363
-4126
-1079
1511
4736
3650
-1311
-3313
2144
3687
4018
-151
3671
2789
-2117
-4622
-3695
3242
2149
3463
-3303
-4226
-1860
-1054
1083
-4999
-2633
4457
3321
-64
2365
-1426
3101
-3841
-537
949
-2493
115
1306
584
-169
-987
-4998
972
718
-693
1750
2110
-3888
-4901
2451
-3421
3178
-2438
-3207
1643
-1732
2853
3228
2838
-4713
4863
1494
-2286
-321
-1230
868
4877
919
-4366
700
2174
2815
-3288
2714
1445
1981
-4704
-4755
-4839
-325
-3567
-4729
1925
-1023
1673
4608
-3177
-2436
-872
-933
4684
100
3056
-4814
1028
840
1341
-4111
568
1988
1511
1265
4214
-449
-1538
-4970
-2589
-785
-1170
-4855
921
-1961
-3814
4512
1462
-3537
430
4220
2797
-573
-4907
-3491
-881
1507
2563
-1972
-4004
-777
-3569
3470
2618
-603
1646
-2350
4210
186
3778
1781
4423
-2506
-1450
-1571
-1572
-4096
-4961
3110
2386
-4307
848
-32
4143
785
4800
693
3069
-1794
-971
-1248
4436
859
-3514
-1240
2773
1733
-2009
3136
2782
-2075
-753
-3510
3932
2113
4714
2026
3403
1953
-3349
-2429
-4103
624
1906
-1587
-1468
3809
1787
4940
2994
-1553
550
-877
1873
3296
-3260
3780
1427
2320
2537
-4217
-134
1032
-3365
1045
-425
-1982
-132
-3337
4428
16
-4732
2959
4280
4311
2250
-1044
-2130
-2314
421
-4410
447
4488
-2646
-4024
-3012
-3059
657
1903
-4661
1927
3903
-2062
2624
-3685
2818
1932
-2825
803
-1772
-4626
-3911
1168
-2342
3347
-1565
-3039
-3749
-185
-2215
-895
1174
-3291
-113
-3558
4225
-3431
1425
105
-2340
-1366
-227
-1564
116
-588
-75
-3231
653
-4946
1007
4052
4382
-1990
-2177
62
-4489
-4587
-1682
-1748
2413
-1144
3955
1535
2171
2302
-730
-2342
-888
2509
-429
-3552
-4678
4506
3059
2969
-3646
2111
879
4374
-2497
4150
-2132
2600
1765
621
-2293
3116
-3777
-20
4634
3028
-1164
3259
-4833
125
-4056
2136
3941
3210
-924
2950
-3770
-3090
3708
-878
1433
3154
-2185
-1605
4012
1568
-2309
3168
-1564
-678
-4858
2485
-3154
3107
3831
-215
-2310
3449
4523
2068
4247
3558
1733
888
119
-520
-4545
3785
4642
-2152
896
2821
-3260
-1374
598
3277
3673
786
-1794
-977
1630
3118
4222
-551
-1339
3398
-4354
-1836
-3755
2172
124
-2440
-1668
-2446
-2849
-4970
-3628
626
-3577
-2101
-1414
3172
-1062
-2606
-4461
-3863
4209
166
-3586
3943
2942
-3048
-693
162
-1218
-180
2816
-2095
-4395
1217
2854
1212
2971
-4953
3261
1017
-4701
1716
3721
-1650
-3182
1262
-2936
-1207
886
246
228
-2431
2321
2988