310
2156
2552
719
3349
-3704
2156
-2696
-3868
-1571
3333
-3197
-4493
-4547
31
19
4936
2191
-351
-2921
1996
2206
-2025
2237
1034
-3713
4197
3424
-1871
4661
943
2969
512
-1434
524
-4756
-1618
849
3133
537
3129
-1071
4846
3389
-540
1568
-4839
4558
1173
1189
3958
-94
-307
3325
3202
229
-4694
-3021
714
192
2258
1950
-1475
-1755
-3691
4458
504
621
-4382
-3985
3261
-3984
-2331
-1094
3662
-2694
4547
1026
1760
3282
-4925
1397
-3998
-3667
-1830
-1895
-2664
2380
2167
-134
4672
227
-3280
3638
-823
2343
-2380
-3960
3329
-23
-1989
-4889
4045
-1804
-4957
4211
-2542
-2393
2128
-2132
-3080
1526
4428
-4850
4822
-1599
-1336
-3457
1614
-3793
-1001
1337
905
-2091
-4054
-4707
-3013
4485
3467
-2157
-376
-2535
4615
3288
-1048
4593
3679
2632
-620
-2607
-103
2640
-1030
-4622
-4511
927
810
-3425
3025
2280
4690
4695
-3762
3827
-1673
2693
2553
3984
-659
4844
2658
-4712
-103
-3384
3514
3747
4657
-3142
2852
-1229
4417
-1748
857
-1344
-3848
2807
4670
-3659
1670
1457
-2566
1808
-316
997
-3945
-3330
-4993
-1203
2756
-3381
2236
-4633
-2589
-3588
670
3873
-4826
-3601
-4254
1700
3939
-1923
1425
4573
753
2272
-3969
1275
-4728
-3294
709
2881
-3519
-2574
4263
1301
-2438
-3627
1152
-3781
-4205
3194
-4290
-2490
3831
-4060
-2549
3530
2688
-4874
2773
-4789
930
363
-997
2998
2066
-2452
-3301
-2393
-2234
-1010
765
-4689
-3190
-3490
1534
4890
-4899
1257
2407
544
-1116
-4926
-1
1273
-3564
-2949
-4086
-2321
1362
-3593
-892
2970
1862
3318
1777
-1971
2789
-133
1213
-3662
735
4605
3023
-136
-3295
2003
-3075
-2241
144
-222
4784
-1158
2375
4743
-2370
1774
201
-2359
2232
411
-556
-4929
1606
729
-3586
-305
3305
-3261
1190
4228
410
38
3191
-783
-1792
-2315
2380
-4833
680
-3345
-4517
2351
-3367
-4279
-1460
2309
3311
-4508
-2307
-3382
-307
-1657
3715
2828
-105
-2549
2299
-4604
611
-3438
1494
-2023
4399
-1196
1240
4011
-2589
-3956
57
2647
3130
1451
-3651
-1861
1274
4281
-4585
3519
-4259
1579
3170
-64
-4240
-2534
3069
-4739
-3339
2363
1625
-3314
-114
-1503
1785
3026
-4395
-2385
1878
-2739
-3713
784
-2374
2137
4325
1024
2589
3045
3223
2218
3062
-2804
-759
-4072
4437
-2911
-4351
3434
1467
-875
3155
3735
-2775
1011
2186
2667
997
-2329
-4251
-4961
7
3700
3016
1504
-1629
2187
1758
1115
4198
2827
3834
-1958
-2452
-640
-1545
-885
-1626
1932
-499
-2007
-1278
3026
-3022
4407
4470
3593
-4335
-1554
-3951
2091
-1125
-4164
-3596
1580
921
-1945
-2446
-3633
-4880
4960
2759
-1852
3765
-2665
-727
-3703
-2259
-972
-2379
-2981
-656
-3137
-3859
1912
3988
703
-642
492
-3915
1916
-1661
3062
-3315
4912
-4137
3183
731
-4407
4403
4267
321
1726
-1652
-2720
3268
-2362
-193
-2239
3428
-1025
705
-3992
-2760
206
3962
3793
-4453
-3175
-2017
3236
168
4934
4275
-3625
-3995
1712
3652
2227
-519
-1529
-3778
-2174
-4481
1787
-2310
-1707
518
-4256
4115
-1291
-3588
-734
-4928
3691
-1025
2279
4236
564
2450
4149
-1194
3132
2233
3522
178
615
-2562
-3860
-923
-4957
-3363
-3786
-651
4451
4297
-4917
-783
-2526
-2610
3188
1933
4180
-1287
2146
-3155
1274
2820
-4682
2773
4257
1063
-3161
-3507
2368
1049
-4396
2555
-1240
-3139
-4619
-56
-3779
2279
-2820
3844
-3718
143
-1367
-515
3137
-3237
4780
3323
-1495
3103
44
-3560
-2207
3139
4528
356
366
-4889
2887
-989
3053
-2489
-732
-1603
4988
2582
-4051
55
3681
-4625
1068
2615
-3539
2623
-1434
2884
-1481
-2020
-2742
-4601
2676
1897
1239
914
388
-2675
-4856
3321
-2563
4192
-701
-1034
-725
-4320
3658
3862
-3516
557
4647
1929
709
68
-4915
3633
-2636
-2177
645
-561
-4389
-3494
-4181
-1652
-1572
-3309
-2302
680
-1321
2046
3136
-590
-3619
1027
-2918
-243
-3441
267
4811
162
-1961
121
-1085
1531
-1518
-4712
3266
1537
-1503
1119
-313
4001
3704
2674
1524
-1472
-3092
-1732
2557
817
1641
3272
-3242
-1892
-1130
2363
4739
4263
-1402
-402
-1451
2768
-1423
-2751
2027
-818
932
-2548
-2656
-4041
-1720
4391
-1363
-1172
-2735
-2818
2479
2214
4099
-3606
3455
-339
-4462
-17
-4137
-3714
-1372
683
4816
163
-4064
-2102
4048
3354
506
2033
-2869
1969
3326
2624
-4720
1224
2496
4485
-358
-4090
3467
-3652
3555
4721
-1954
4496
783
-4191
-902
-4439
-4155
-2406
-3368
3916
3925
4259
-1724
-538
-2369
4475
-2776
1280
154
2570
-3756
4005
3286
3155
-4012
-2209
574
-2990
-4206
3978
-4354
-3564
1308
-4085
4952
-1317
-1665
3896
3385
229
3381
789
-1798
1693
-354
-1914
1582
110
-2942
3455
-4359
-2697
2761
3947
-1831
-4359
4883
1486
-2478
-4387
-1482
-3882
-3298
-1232
-2746
1203
1487
-3363
4190
-4845
-4791
4430
-594
-2704
-598
-3547
-885
-4374
-3630
-4091
853
-4488
-1366
3569
-4869
-98
2825
4014
4427
3517
-3120
3563
486
3590
-1914
-111
3159
3383
-2114
-1122
2767
4129
2544
-4453
-1643
646
-2286
-1533
-627
2766
1192
-1480
-1978
4029
4783
4364
4811
1686
1010
1680
-150
-540
-201
1653
-3456
-910
-814
3747
2391
-515
4079
4274
-2738
-988
3567
1621
260
-1753
3116
-678
-1056
-4124
4666
-1580
814
2519
938
495
950
4884
-356
1806
-755
-3127
4193
-1946
333
4577
-2439
4501
-863
3171
4407
-3570
-2746
1619
-3176
-3501
183
-1951
3723
-3771
2820
-1146
3001
-4879
-4889
2278
2944
-2792
2128
1568
3123
2285
3511
1427
-4051
-4081
-3598
2507
-422
4639
-1690
-4038
4020
1337
2315
-2633
-4588
-4218
-4836
1523
-2622
-2021
-3770
821
3149
4040
3306
1368
-2428
2126
4507
-1428
3751
259
2742
316
-724
-823
2683
-3978
2512
-2578
-4871
-376
-1590
314
-3919
-3236
-4076
-4363
1402
1099
2140
-4570
2330
1743
1386
-2055
3043
-4879
-4611
1054
1547
-142
-3632
775
-2178
1311
-2073
3405
-572
-1373
4206
32
-1591
3934
4847
-597
-4336
-4991
-2417
-3530
4759
-4213
1050