2944
3899
-1546
2653
2342
285
-4906
4937
522
377
-1765
2947
1247
-185
-3337
-1370
-3936
629
332
-606
2326
3051
1575
-1860
-602
-3632
-4370
2201
3778
382
2908
-2640
-617
344
3588
-1848
3683
3767
376
813
-1169
377
676
-2442
2434
-4158
-3050
-3283
2647
216
4815
-3284
875
4364
-3881
253
-2159
-4808
-4965
4228
-4259
-4606
-1609
1934
4631
4087
3224
-1062
1894
-4182
3052
4195
-3252
-495
-3297
-1031
-4448
2316
-4307
674
-938
-3983
-412
-3983
1859
1445
-4927
-4256
-3877
4884
-2037
3790
-1585
-4480
764
-4939
3270
3609
-4509
1320
-4160
616
11
2053
2135
529
-1633
-3115
-774
2043
1807
-705
-962
-2530
-4634
2715
-2971
3107
3612
4270
-4616
4127
-2874
-268
2814
-3242
4521
-4734
4240
1099
1901
1587
1104
1954
4185
473
580
-739
-1134
4910
-3369
-3265
2804
-1461
4142
-3966
1304
2838
1573
4814
2229
2716
3933
-4462
4994
-2967
-955
2237
-696
-688
4609
121
251
-4691
-1341
-1120
-2473
-161
-1988
955
3642
-3469
1532
862
833
-1791
-2393
-821
4517
4371
1696
2072
3928
-3906
-957
-4480
-80
460
4715
4325
-1026
-2886
393
-2456
-3304
2594
-3203
-3679
-1847
1579
183
4756
-1313
-494
-333
2426
388
-3934
1005
613
2204
-3589
4810
-1138
-3726
4133
-2860
-1238
609
4343
4247
4937
2795
-4190
1256
-886
2377
-3461
195
-2007
3146
1893
1834
-4224
3589
1151
-4352
-3391
-2818
-1158
-1390
3678
-2212
-3202
-4675
-3067
4274
-679
3836
-708
3491
1145
-162
1170
-1313
-2292
-2930
2158
-4071
1940
973
-746
-4670
-2132
3896
-3442
3107
-2645
144
-2990
1563
-1529
-1180
1279
-682
-2056
2730
2541
-4843
494
-3194
-3025
-806
-1647
4553
-89
-2345
-1202
3249
3301
1384
-3792
3092
3905
-779
3620
2966
333
1877
1062
1843
2642
1940
2983
-4707
4697
-4128
1165
3824
34
1907
-2475
-721
-2629
4301
799
-260
-1447
2586
2126
-4128
2381
-4226
-1655
-4535
846
4930
4687
-3367
-3517
-652
4059
1340
178
-3973
-2576
3671
-3039
-3860
3720
-2557
-3134
867
-2262
-4955
3710
-1742
4966
2304
-4612
-87
-4107
4722
2136
-2116
-4422
-4384
-276
-1980
-4591
-2630
-4461
-472
-4294
2680
4420
4148
-2374
-4600
4066
-3746
-3947
2674
-2376
3888
497
276
-1018
-4335
2232
2969
4066
4893
197
-1572
-1640
1525
101
562
1414
1132
-4975
2710
1588
880
-3531
1361
-3000
4208
807
311
-2607
-2928
4352
4613
-4613
322
3103
2340
-3422
-212
-2554
4143
-2975
1056
2699
-2138
1265
-1062
337
1579
1466
-1552
341
-150
4341
1088
-1379
247
174
2820
2486
-591
-2085
-2200
-4753
3814
1885
4546
2398
-771
-4600
4513
-1725
3611
-4272
-3635
3148
-2273
-1474
3365
-4039
1661
-1581
-1166
4811
-3488
3180
4924
-3454
-2178
-3219
4479
2242
-1329
-2032
-2990
3921
2394
1475
-3074
-661
2723
-4734
-4939
1062
483
-4712
-787
-641
3661
2289
-2306
3101
3468
3492
2220
4886
3452
-4794
-1667
4214
897
-3671
-3732
-1418
2071
3991
2595
1785
737
-3542
4715
4963
-1103
-262
-2665
-1423
-1045
3442
1552
470
-794
4118
-4054
-753
-3048
-3371
-4957
742
-2049
4498
2194
2451
4657
202
-930
3456
-2884
-4826
-2235
-118
-1142
-4494
573
801
309
-4476
-4786
613
3543
-3467
-2657
2902
-2190
-3945
-3679
-575
-956
-4417
1802
-4283
3302
3130
3992
-2786
638
978
916
-2697
3519
-73
-1450
-2527
522
-2046
-1234
-2472
3532
4322
1012
2350
-4469
535
-2290
3568
-3272
-331
-1921
637
-423
80
4021
4544
1603
-3881
2021
2946
750
-405
-250
-1060
4868
2962
-1477
-4851
4792
3257
-2680
-3251
-4478
-215
-4510
4965
-4564
-4378
-3797
3823
3593
2985
4705
2528
-149
382
3205
-4697
3689
2667
1551
1246
-668
862
3065
419
3901
1101
625
-143
765
-589
-1960
-965
-3201
4070
-486
425
2568
-3099
843
-2485
1713
1275
-3357
78
1173
3652
-3742
-1245
-1674
-3206
1597
-1927
-4750
-4692
1080
-2287
-1678
-320
4877
4531
4371
3864
-2139
1271
-917
-588
371
-1659
3739
-580
-667
3290
1525
3482
-2947
-2570
-2188
2069
-2769
2423
-1333
-4375
-3111
-413
2213
-2739
2678
3964
-1682
1931
1165
-191
-4362
-1859
-4266
-57
3543
-4745
2809
-1448
3864
769
-2192
753
-3327
3477
-52
-1752
825
-2161
4235
-2830
-3218
-2568
175
1434
2096
-3119
4903
-920
437
-2505
31
4054
1911
-836
-2962
841
-4927
3235
-2600
-2062
-4993
1659
399
-4650
564
-3552
-4111
-1278
4367
-1378
3058
-1041
1114
2220
-2427
-299
3525
-3929
1383
-1015
531
4888
2618
1708
2878
857
-339
783
-227
-2109
-3389
-465
-2264
1862
-4620
-4151
-4153
3475
-4878
-3290
947
704
-186
-4427
-527
3458
2444
-526
-1334
4466
-456
-4351
1908
-1070
-600
3455
3908
1550
1833
-2876
2260
-4023
2657
1338
2646
3735
-3735
-3340
-4861
-1747
-3962
2248
458
-976
-4046
-4949
4065
4977
-2833
-111
2222
2483
825
-2269
3857
598
-4193
-3386
3484
4289
3601
4630
602
-4796
3867
-4671
-10
2129
-4397
-697
-2105
-3113
1313
1194
-736
2315
-506
-3755
-3597
-3142
-3606
985
1519
4108
-230
1643
3892
3185
-64
-743
-4389
-4024
517
2696
3933
-3026
-1615
-574
-4483
4363
1627
-812
-3877
2550
3574
-4883
-1543
3006
4499
488
4186
-4190
3101
913
-3464
-125
-456
-2855
-188
-1495
63
-3580
-558
-2998
1083
1387
3082
-792
4011
-248
4427
4004
-4995
2868
-3522
-1649
-1443
1735
3038
-3486
-391
-573
-2618
-716
3808
-2574
-1304
-3963
-3443
4784
4025
-2359
2680
579
-860
4075
990
-3386
4809
4918
2196
-1447
4666
-2642
-2104
4509
-3061
957
859
810
-224
-89
3142
-1350
919
769
1217
2484
3050
-4041
4754
-1002
2828
247
3230
-4297
-4435
-106
2949
3450
-636
-3381
2808
-2276
-1979
1767
1848
-3095
-460
-2841
874
4408
-1784
-3057
18
-3099
1208
-1678
3238
-568
4245
3842
-905
-1040
-3549
-834
765
2381
589
1085
899
-3280
-1082
3401
1424
-2567
-1188
-1387
-2790
-1298
252
2931
1874
-374
2295
-3983
-2253
2808