4845
-1065
2349
-107
-552
-2129
3549
3324
1028
-479
-661
-4689
-1451
-2852
3970
1945
3577
4680
-2695
-227
-3029
-27
-3863
4017
2425
2823
1239
2390
2424
2534
3037
-210
-3227
-2128
-1442
4951
-2893
-769
4873
-4568
780
-153
1170
-1855
-2167
-4404
-2786
599
-162
-4052
2368
2188
-1130
2621
3499
2649
-1542
2991
3350
-2842
3318
-4826
-2133
-4027
-232
3572
186
-2030
-1986
430
-2908
-3720
-261
3921
2382
2578
-1781
294
-4442
3476
-3248
-64
4761
-4246
4954
-1496
-1369
853
761
1244
-749
-4270
1861
-39
-4781
2021
-2054
-3231
-2545
3905
-1183
-3683
-1100
3645
1759
-4987
-3171
4232
347
1476
-4599
-1212
1282
2344
-3762
916
-4899
4170
3711
1142
-822
-4901
-2841
-264
-928
4472
-563
-1097
2545
437
3172
-1921
4000
-4388
4100
-2753
2289
-3720
-2106
-1416
3917
-326
-3458
2713
-3394
3770
1869
-1191
2506
1714
-982
323
-857
1543
-4829
-1254
-2215
-2857
-1648
-1935
-2209
-2229
4167
3014
-3091
4582
-2960
1719
3046
-1950
1929
-2151
-2153
-4286
2977
-3139
4359
4769
2853
-3563
-267
-4179
2822
-1671
4287
-4205
4334
731
2395
185
-2027
-3284
-2537
2104
-3016
-358
-248
2218
-2042
-175
-2392
-2211
-4308
361
4134
1800
1797
1075
-1297
-366
-3743
-1790
4469
3918
-1832
-4328
-1679
-3472
4962
2310
-2898
4626
3075
197
3348
809
-4993
-4721
3226
-2620
706
72
-3904
2574
1843
-1540
3957
-2993
2329
-3249
-818
-1227
484
2192
4142
4135
-727
-923
4407
3994
3176
-4649
-1089
1028
3443
-2255
4294
-4150
3402
4480
753
-2370
1323
-2817
-2628
-2783
-1145
-2281
-1521
2192
4165
4647
2686
4299
-1361
-2953
3996
3822
-3947
-1853
-2887
4110
-3244
604
-3320
-1857
-2557
-2453
970
-916
4579
-4056
4981
1907
1741
-1423
717
-4528
2016
-1632
3179
1312
3459
-235
-3754
-4652
4258
-4524
-292
-4832
947
4811
3581
2872
-3907
2576
-3434
4403
939
-4440
4260
-2579
-4681
-2396
-3239
-1653
3822
-264
-2567
3797
3582
4218
-1679
-1191
3424
4026
1044
4870
493
-367
1615
-2292
3458
4002
3850
608
-3670
-647
3060
2176
4319
804
166
3812
-815
-1224
4964
2776
-591
1488
1345
732
-1744
-3605
-1657
4006
-4557
-4208
1914
2218
2464
761
-1665
-2415
2897
1156
-592
-3874
-2675
3187
-3514
2857
3847
-2363
-668
-2764
2853
-4221
3412
-2808
-536
-738
-4247
2906
1660
4590
-3103
2190
183
872
-2401
2940
-1010
-3771
4013
-1286
-3096
-3981
3651
-3584
269
3572
-1120
2243
-8
-336
2144
-3252
-585
-3326
-1625
-4112
-4303
1850
2375
-2910
2229
-2901
-4551
971
3284
-148
-989
-2505
-282
1993
3025
-1260
3037
-3563
-3133
501
1551
1317
2464
2833
4563
2167
295
-76
1452
1442
-4861
-2760
997
-1815
-4434
3105
-131
-188
-198
1710
3390
-966
-3442
-2713
-3703
328
-4835
4314
1687
-3563
1545
-4541
-2763
-1061
-2506
2882
-4757
-68
1703
-809
-2530
3361
-3141
-459
4920
2098
3509
-2319
-3545
4592
4224
-1893
3627
-2432
-738
3248
2904
4318
3615
-674
-1587
-4756
-3303
-220
-2409
3750
-2748
4232
-4274
4737
2293
-2456
2207
-3229
2463
2870
-4283
4501
-2032
1308
3307
781
359
4472
-4032
-4659
312
-540
2562
-3522
4249
1256
4686
-1364
176
-4681
1760
-3057
116
62
-2301
2533
2142
3850
-3904
-3306
703
4129
2993
4005
-56
3764
-2940
-1767
353
-1180
1363
-2356
3483
921
1491
-3548
-4631
695
3997
4095
-3328
547
-1126
2471
-1902
4347
2751
4240
2975
-4099
2714
-619
-3784
-1136
-3219
2793
-1054
-3508
-2776
-777
-1944
-2321
1789
-188
4255
-4545
-824
3866
4683
-3331
2068
-3820
3063
-485
-2098
-4415
230
-1241
1791
4974
-4757
-1928
-2802
3896
2275
-2252
1392
-2354
-1966
-1726
-4891
981
1587
-3403
425
-4510
3617
-2844
-1825
288
-3415
-1055
394
-3773
-1647
-1979
1129
4556
4616
827
4862
-998
-4092
3704
-693
663
1434
2417
3822
2010
134
384
-4718
4994
-3834
-1498
659
3915
-1879
-2938
-783
809
-2532
-2981
-4967
2849
4395
3931
2184
335
-2617
1230
-4924
2135
-711
-289
2676
51
2391
-2023
990
-2669
1707
-3428
4942
2656
-329
311
3350
4922
1750
-4613
-4202
31
456
-2043
3129
-750
-259
-1451
-1022
-1238
1477
-4594
-3764
-2173
-2676
5000
4048
3560
1742
-4632
32
1910
1748
2079
-1485
876
-2364
108
1082
-1395
3581
962
3611
4812
-1004
1198
4107
2481
-1660
-109
407
307
2646
-2094
844
142
-2578
883
-4524
-1120
-1827
-4583
-2306
-954
-3047
1791
3711
4593
2277
1972
2203
-4967
-1754
-3533
-226
-176
691
3228
-4866
732
828
-600
4941
843
2068
-670
837
-2103
-2217
2543
-2067
-852
-4499
383
-1241
-2666
-3461
-2392
1482
4366
4751
2412
-816
-2053
-4390
-1068
-3833
3617
-91
1706
1079
180
3558
994
-140
1208
425
4919
3140
-1674
-2270
-1295
-4076
-1480
-1094
-3394
95
-2126
-2384
4353
-374
-1182
-4162
-396
-4560
703
-2964
1794
-1812
3312
1338
-296
-2708
928
-1706
104
-1160
389
-4859
44
-3589
-1278
-3478
-285
-3831
159
3496
4492
941
-4211
2928
4863
-4959
-255
2919
-2070
-93
-1163
-3812
2018
396
4534
3745
2779
3240
-809
547
639
1058
3445
-2916
-3230
-1219
1243
429
559
3264
-3179
-1944
-306
1982
4660
-2020
1584
-917
-2938
-4180
-273
3809
2489
4644
1746
-110
1286
3520
1638
-3678
3787
-2929
-3883
733
4580
1095
-1304
3286
-3907
-1148
-574
-4683
2071
1300
-2795
-4743
3521
-2928
3862
-3754
-3124
-131
2809
-1182
1298
4570
2300
-4543
2307
-1830
-1214
931
1873
3464
-2703
-1857
-2067
3508
-3922
3923
-4679
-3633
3651
-4707
-3341
-199
-3833
4399
-4736
-878
3004
-646
-3471
3699
-327
4027
-3603
-1754
1525
2733
243
-3767
-631
4388
4966
4240
4453
2532
-112
1771
4020
4997
-1978
-359
2191
-2151
-1974
-4042
-696
1228
-3490
-1741
-3253
-3909
2392
-2367
1391
780
354
1734
-926
-3282
4160
-1802
3215
2058
3822
-4523
-3228
-2313
-1844
-1707
-1082
1279
-3683
2801
-1708
3665
777
-4867
1945
-264
4775