-2484
3816
-1593
-291
3501
-3851
-2232
4402
4109
-4394
-1858
796
-536
3125
-3407
-2195
-1393
-2433
3582
-1518
1620
-2020
-3446
-2697
-3108
-2452
2123
-2646
2747
-3289
2833
2800
2625
130
-1649
189
-938
-2803
-3003
2415
-4909
2006
2423
-839
4487
2238
3744
-2394
-4737
1524
-407
239
-3715
-4249
-879
2372
-4069
-3337
-3609
1164
-1384
4292
-147
4909
-3565
-1083
3025
4120
-1685
1047
4681
4932
-4701
4258
3633
826
2073
-3093
-1797
4981
-2802
411
-2527
-58
-2955
-554
-2245
2197
486
2957
-2794
-2225
3631
1305
4876
4705
-3736
-2535
-3449
-4688
4600
403
-4819
4515
4918
-3092
3579
2816
2106
3754
-1852
-2347
2632
-4660
3445
-4287
-844
-2329
3022
-2754
-682
-1185
-1641
-242
-2902
775
4703
-2462
2078
2980
4501
-3361
718
-1454
1854
-3743
1184
1711
-3711
884
-4733
-1573
651
1715
-2474
1371
2124
-1281
-1224
-4761
4530
4089
747
-2176
1859
-1716
-4464
-2661
4461
3759
2632
-426
-4491
-1502
-3039
-4714
2927
-2127
4357
3499
-3776
336
-595
-4585
927
3020
-2661
5
1955
4885
-1292
-4871
2494
1665
2435
-4614
3587
-3587
880
4509
3034
-2902
4343
-4656
-3566
1251
-1326
4740
6
-4667
-4988
-4626
-3058
-1529
1585
1440
3802
4400
2676
-3617
-821
-2230
-4075
4883
-2253
-1872
2253
-4456
-2358
-1565
-1617
-2274
-492
2269
2914
1370
-2540
-845
-4446
-1732
2194
-1007
442
-2557
542
3442
279
2922
-2948
4495
4211
-2476
-4685
4145
1396
-4643
1195
-547
-3735
1494
3740
709
-4726
-2325
-856
2475
968
2787
-404
-3989
-2670
860
-3085
2040
3391
-4338
-1133
-4732
-1014
2388
-2402
1162
-4210
4940
-3087
4345
3358
3566
-3325
109
438
4487
2323
4504
3762
-2205
-2581
-2354
-843
-3692
-3937
842
-639
-3534
-1200
2152
675
2318
-3042
-2731
859
-3169
3933
-604
4494
3222
1240
-2495
1888
2230
4394
3941
-1030
-2278
-3477
-1135
79
-2338
-3114
1864
-4437
1385
1199
2528
57
-2282
461
-1827
-1903
1000
-4339
628
-1186
-1016
-4939
-1785
4052
1838
-3129
1336
-3406
-3045
125
1613
-2192
3875
1880
2240
-3641
-2107
4251
-4724
4575
211
-1868
-4757
2567
-45
2369
-3851
2118
1950
1623
988
839
4086
-917
124
506
-3061
2217
-2138
-2780
-1091
1630
-4231
-1416
3784
1256
-210
-4668
1094
-2443
-4237
-3455
4046
340
4884
2567
-1064
3717
816
2308
-4844
3713
289
670
2645
2336
3741
-3348
1575
-2251
-1095
-2457
-2612
4745
1392
-633
3698
-4598
1931
-1428
1565
686
859
-1319
3591
-355
1961
2870
-2529
3658
-2978
-2698
-3119
2800
-300
-187
-2104
1721
4550
2208
831
4664
-4771
-519
-3348
-2983
4912
1514
101
2177
-2750
1538
-1423
-2579
1305
-210
163
2476
-1848
-2908
3820
-3648
2281
2797
-3077
-1090
3615
-1401
1044
1229
-4204
4538
644
3163
-65
-4906
-2107
-1529
-4989
-4784
-3772
-4368
-2463
-3752
-1018
-1071
3798
2077
1755
2570
2581
2902
-1478
2755
-4136
2891
-1131
-2592
-2823
1777
-572
-4470
359
2557
3403
1923
1866
444
-790
3037
-1097
-1690
117
1807
820
-2461
3009
-369
-2873
-3975
1658
-4261
-4853
-1809
2025
-3822
2700
-2145
-3537
2903
2986
-2096
-4997
-2017
-2217
2994
1518
-4310
3056
-1324
-65
4826
-128
-4248
-271
-2106
-3653
2814
4376
4377
4511
32
-2064
-2832
3727
2345
398
2684
-446
-303
832
-1204
-4342
706
490
-3850
-1459
-1423
4767
-643
-4747
-4140
-2192
-4589
-3038
-2385
469
-2663
-2472
-1623
3419
-4745
3754
-2825
-2115
2035
-370
-361
2702
3737
-4516
-2291
964
-4451
-3097
634
-1879
840
-4817
-1272
504
-4893
-4679
1294
-517
-1199
2820
-2348
-2226
745
-1244
-3572
-1657
2031
2417
672
4625
4184
-3349
-4451
1138
2752
730
1752
-4305
1426
4399
-3803
667
-1812
2528
199
-2221
3835
-2794
4766
-596
226
2404
4222
2473
2881
-579
1399
-2609
1708
-2313
-2671
2319
-153
3226
3886
-1434
-4464
-2156
3799
-428
4093
2428
-1484
3648
2012
4937
3264
-1048
-4726
-1519
3370
851
3614
4185
2846
-1411
-460
-2180
-4778
4285
-3960
-3153
-2978
997
-2662
2192
-1020
-3096
2690
336
465
-683
4529
-4506
1445
2353
4638
-2691
-667
4545
-2333
-452
-2988
-3232
2850
4194
-565
4825
2740
3752
2760
1293
-403
4787
1208
539
-4583
2674
3889
-1379
-3729
462
4655
4187
-2693
-3615
-1321
-597
2235
1090
-3335
-4071
3165
-2204
-1096
4474
342
4163
2614
3974
342
527
2153
-3200
30
-3929
2606
4345
4857
-4961
1175
-2051
-2545
1647
1043
-4109
-2377
-4745
1154
4425
3712
1588
-3808
-2648
45
-1802
-2916
-3641
-1404
-867
-640
1922
4814
-3203
1078
4320
-3268
-3511
1713
3803
1025
-2948
-4858
1713
4757
-1051
1417
-71
2561
-4019
2645
-2076
-2846
1910
-3876
-3615
-4202
-3704
316
-3435
-713
-2780
-851
-3876
-677
4108
4540
4994
1727
-2405
-880
2388
-4962
-3223
-4204
2997
-1538
-2417
-4072
-4615
-3917
-2405
-129
3520
1600
918
-2938
3143
1620
-4081
1131
2733
-3556
2700
4031
-3653
-843
2253
-4218
-141
3475
3685
4550
-4573
1932
1820
-46
1183
-1266
-1851
-3846
-3242
-1571
-2431
-1952
-3258
-3211
2649
2644
662
4275
-2369
-615
753
-3108
-3061
3705
4647
4731
25
-1968
3155
1438
-1852
-694
4928
-739
-4486
487
-477
-3144
4973
-1374
3020
9
1956
-1741
-1496
213
2754
1393
-4162
-4127
1965
-2314
-1906
743
653
-2940
2018
749
-1559
-1368
-1200
-2825
2337
-4680
-3139
1916
1594
4633
-1966
-2190
3926
-2598
521
1731
4564
1468
-4945
1264
-4028
2771
-1068
-1260
1190
2875
388
-4716
2858
-4673
4936
-2057
1677
-445
-2316
-2615
4945
119
-2853
3800
1534
-3173
2851
-3854
1546
3746
-2596
610
-1485
-3743
-2128
-2734
-344
489
1252
1803
2509
3359
3321
4474
124
1471
-3407
-21
-3958
4365
-1590
-705
1066
4649
1798
-2020
875
2218
-2433
-82
3172
1057
-2427
-701
-610
-815
-4313
-3569
-2925
-103
4704
1249
-3641
3311
1
-2898
-2955
-3776
4176
1433
-3227
993
4864
-661
-713
-545
2303
1993
3398
-2900
-4790
-3424
4641