-1603
-1452
-3323
-4230
-907
1892
455
4961
-2310
4794
-4338
-3570
-4772
2610
2090
2398
4081
-286
-310
-1032
-1204
4830
3381
1387
-192
2102
-2330
3228
2436
-1194
3431
516
-1471
-879
984
-1404
1537
4661
-1923
992
4202
-3735
-3934
4383
4999
-628
4016
1338
2154
-4962
-538
-4550
-4641
-309
958
22
-3844
-1499
-3675
-4489
4701
2484
-2052
4088
1951
874
-4339
-2157
-2999
-4842
-2861
-1931
1894
1242
4681
2306
-2074
4214
-3833
1235
-162
2558
-2379
3503
-895
-4347
-3227
-4956
-1131
173
-3210
-310
-1950
-4372
3327
-2127
1118
-3683
-2273
2543
-4133
3299
-1412
1912
-4537
-1362
3178
788
1928
-119
-2093
-2332
1984
3176
3166
-1869
3194
4699
436
3449
-862
-1757
-2213
1772
-4033
1962
290
-2330
1526
-1179
3761
-2701
678
-862
-3351
2759
-2921
3680
4612
-4183
3305
-3630
1789
-551
-2039
2752
-2072
-4048
765
4802
404
-1229
-4312
2854
3296
-4244
-1746
-604
70
4162
-239
-170
-4545
1334
-609
-4657
525
-4738
-2051
-1216
3731
3420
-3390
1879
2180
1525
-1313
-4580
-4044
854
1794
2950
894
-1892
3569
239
-3685
-1548
4648
-2026
-1326
2706
-4895
-2097
-2761
-914
963
99
-4599
-127
-3975
-4366
4864
3543
-4645
2049
-45
-4496
3967
-1694
-4870
2962
-4910
-512
-2567
-3498
-4201
203
-1792
-1084
-2833
4207
-3414
-722
1316
-1360
-4965
4252
-1647
3659
2340
1764
-2452
-4605
984
2945
-987
3794
1483
-3339
-3472
-2859
-3572
510
-956
-4190
-330
3217
4297
1074
2184
-4166
-395
-2531
-3791
937
3584
-4503
-3991
-2505
-3025
4253
411
1494
81
1737
1424
-1626
565
-196
-103
2167
-4775
-4906
-826
-702
3839
-1252
-1578
3777
-468
-3777
1471
-3369
-2129
-745
971
3790
-294
-1173
670
-3482
-4490
-750
3773
4436
-1234
747
2031
-3453
1184
4846
-735
3252
1762
3191
3908
-2137
-1210
2079
-1633
-3735
-2248
2927
-965
3365
2572
-3681
-2978
482
-1657
989
-784
2346
-2496
-3098
-3827
3759
3407
4722
4015
-4694
-4917
-3224
3955
991
4068
3248
3755
1318
-3311
2004
40
713
2710
-4339
-4086
1221
-4439
-4625
2390
-319
3857
4079
-3073
3277
2282
-1230
3502
-3019
3247
-1200
-1466
-1226
3321
1302
-4576
1577
3618
3535
-3234
-410
1036
-2103
-3369
-1233
3967
-558
-2575
-2992
-1690
-35
-4078
-594
4013
-3774
2143
4991
2967
3094
3028
-3098
2230
-834
-815
-3038
583
-154
-2635
-3201
2231
-1226
-2975
-2546
-2626
-744
-3187
4191
3237
-4550
4753
-4726
4182
-479
-2760
1546
-987
41
-4822
-401
-576
-2550
-3355
-4603
-3389
2907
850
1231
-4933
996
-3074
-4316
-62
91
-3580
1084
214
-1453
3154
-3912
4402
3654
-3553
4372
-4157
2222
1212
-4258
4352
-3274
-4470
-4922
-4156
1114
4955
11
-3937
539
4270
348
-1749
3823
2022
1012
2608
502
1881
-4717
-3419
3288
-1877
-4763
-4136
3062
-1049
3530
-2360
-2242
-263
-4059
86
-4836
369
-4431
-967
-3369
146
2752
2444
2992
643
-301
1164
2436
-3358
3585
-3314
-541
1125
2270
1903
-3985
-4988
4830
-4995
-1794
-897
3833
3242
2963
440
-4402
-2930
1150
-2687
1348
1965
-3059
4477
-4471
4205
1415
4355
-1967
-4251
-4722
4421
2294
1372
4191
-2623
1895
3329
1530
-1505
3942
-1923
1011
4199
-800
2443
3104
-4784
3280
4267
-3779
-783
-2051
-1796
227
1262
3112
-3834
-3561
4184
-113
3898
-3529
-491
3743
-3365
1281
133
135
-3288
-4749
4100
-2382
3360
-1780
-2984
1981
3454
-3607
2387
3645
109
-3999
2619
-4330
13
-2439
49
-1199
2875
-3584
938
-3751
-753
3515
-2265
-2131
-4343
-1981
1668
2095
1968
-4201
1498
3728
553
-987
4979
-80
-2780
-2301
-2518
3222
-4382
4825
-395
-2122
3722
-1673
-1358
-686
-3331
2472
-183
-4368
-2865
2159
-1884
-3028
-2403
1163
-1706
2648
1440
-2220
1149
-1782
-418
4967
1053
2010
-2060
-3506
1278
2784
-3547
-2316
-3992
671
1397
704
-4488
2517
-3344
4604
933
189
752
3728
191
494
-4580
-4817
-3317
-436
-437
-2709
-4911
3213
-4448
4260
-2696
424
2236
3770
650
4073
-4073
-3953
-2969
-4239
-2668
4092
450
-3874
-1290
-765
-1718
-3883
1641
-2737
-175
-3593
-1604
-288
4952
-3995
-705
-743
-890
193
-255
3892
340
-2679
-2896
-2769
3607
-590
-250
2784
-3766
-4780
-2411
-4321
-4223
1245
-4371
-4014
2508
4035
-2808
-1221
3583
881
4879
3960
-3546
-4631
-3839
3450
704
-1176
576
2532
4579
-738
4364
4950
-3707
960
1380
1672
2653
-2307
2809
2809
3389
-1102
754
-2620
-1488
2731
-1991
-4145
2534
-3927
4904
-3593
-907
-3176
2679
-1362
-4315
309
3777
2304
-3846
-2059
-3445
1688
278
-4624
-861
3384
3354
1417
-3694
1166
34
3468
-2134
3079
2204
-3944
-199
3514
-1481
-1612
-4921
-4460
1201
1521
4610
4165
4147
-2511
460
4394
48
4769
212
1767
1103
582
-2753
-2806
-2077
-3470
-4597
4001
-786
-2561
-2595
905
2498
-1964
-4327
1148
599
-4105
1380
399
-1758
-2476
2671
2860
-4350
-3830
1966
3853
-1688
-1070
-2043
-3765
1183
2952
1477
-3661
4089
1384
391
-948
2675
3476
4223
-87
1958
3683
-3366
3021
4636
3434
3420
1371
937
-4766
-1299
2588
-1665
2213
-4466
-3468
1801
723
3541
-3246
3643
1742
3435
-4400
-4723
-1701
-3060
2574
443
-2700
-3912
-4073
4681
-4327
-887
4115
31
-3507
-2903
-3030
-2870
940
4359
385
-2332
2931
3985
-333
-2317
584
-2860
-3951
2158
57
-2057
-487
-101
1174
4484
732
-3343
-2580
2279
4479
908
-4113
3832
1676
-3788
-246
-4669
4669
4860
1546
1006
289
-639
499
1026
4807
-328
-3981
-146
1769
2172
3764
-1778
4912
4473
-4942
-633
-1216
3647
-2232
2516
-3988
3950
-1512
-1378
-2728
2378
-4436
320
575
1522
950
-1016
2101
2894
3433
-4367
186
-2261
-2767
311
-4602
-4974
731
4297
4488
-686
3633
3391
-3814
-4226
-2950
-4187
-4276
1160
-4286
4600
2363
-3452
2746
-876
-328
-1398
4829
-2310
711
2644
4084
1737
3456
3684
-2690
-1137
3057
3674
-4897
1345
-1873
3786
-4165
-2534
147
-1189
-2312