-1218
-3532
4216
2952
632
3585
-2474
-4679
-888
-4982
-2275
-4611
-689
-2483
4666
1608
243
4290
-33
4188
-1360
1612
-566
-688
-1296
1512
393
-4860
4618
3778
-597
3526
-1969
-2067
-1681
1517
-2892
-3571
-731
-2091
2105
-2380
-3721
4607
279
4370
-3038
-1137
-2594
936
-4861
-1477
-1301
3693
3901
-1629
-4628
-3415
-4184
-728
1662
3764
4674
3933
3654
3093
-1577
4762
3471
4790
-4563
-1566
3358
4990
-1063
-73
2279
-4518
2531
1969
4542
169
1085
2205
3235
4714
3393
528
3741
2606
-4250
-1746
-1222
4203
767
-3705
4487
-3790
-4900
1976
1769
4033
4698
3459
-3219
-1202
-1894
3786
890
-1960
3861
-4955
3946
-3225
4518
2587
439
-4813
2912
3967
-2758
3455
-1106
-680
2220
2974
2331
2255
263
-805
4599
2979
-3500
-944
953
-2806
-794
-280
-4076
3188
-307
-752
1896
-1599
3677
4145
-1940
-372
3101
-3375
2806
1090
-971
4945
3814
1995
4248
-3817
-1922
1659
-4694
-4931
-4751
2763
4417
-1694
-743
1203
-1489
2432
-3468
3814
-2932
-52
3605
-3655
-219
1235
-550
4256
-1085
-2427
2534
-4868
4104
4081
-2657
4037
-4389
3833
2402
1387
-2690
1319
-4731
-2162
486
4724
-4449
-4506
-1807
4559
3332
-151
-361
-4449
-4368
3723
4656
2227
-4116
1445
-565
-803
1736
836
-2981
-2400
-1607
3523
2481
2046
-3130
193
-3757
430
1393
-1470
-1849
-513
-2821
471
3009
-2454
-1890
-2270
3083
-1639
897
-2724
4297
-268
-3272
3892
2235
-2767
-2259
2836
-2236
-3776
-4592
-473
326
938
4097
-3695
1466
3173
3746
-4432
-3730
2662
4343
-1431
3129
1454
55
3897
-4314
1881
-3173
682
-4123
137
3756
1878
-3065
-1621
-4802
1721
-4270
-559
1121
-3758
-1877
-2485
1818
3107
1103
1694
2895
2726
2675
3303
778
3617
-2919
502
4012
-1550
-3184
5000
608
1308
-3245
-489
-2799
4003
227
-1070
1844
3195
2690
1044
-1324
3988
-4794
1976
-3398
-650
-4404
801
-2807
4759
-4909
729
718
-1062
-3801
-2533
1800
-2912
1429
4382
-1073
413
6
-4460
-4822
-875
-2046
-1303
-4165
-3842
3997
-1949
-3284
-2066
2815
277
-1566
4412
2068
1051
-3453
4625
1263
-1663
3085
4706
435
-2438
-2414
3027
2435
166
-4413
-1369
-3900
-2806
-4148
-4570
-1079
149
4868
-312
-3982
978
-583
1331
3734
-4788
-3754
1895
4385
6
4177
1119
-1739
-1121
1167
1778
-4219
420
-4732
2571
3924
2400
-1668
4289
1519
-304
-3923
4377
-4974
-295
-2624
-4053
-4109
-2661
2472
4654
3463
4940
3327
4623
435
1789
-541
4062
-1453
2816
-4153
2529
-4624
1587
-3770
486
-3138
4602
3458
-2937
-3886
-3385
-1337
-1172
-999
-4516
3782
2070
-2329
4395
-1088
653
807
-3261
980
-3966
-172
2057
-2286
-4469
-1523
-2370
-3345
1016
2828
3433
-3227
3841
3384
3736
-2690
1724
1903
1718
780
1935
-4533
604
-3707
-3951
1633
-2073
-4478
2259
-988
-4783
-3015
2930
-4069
2208
1689
-1240
4127
-103
-114
3574
1047
2971
-287
281
4527
4636
478
1701
3809
-2446
-4488
1782
2813
-2034
3929
-3553
1223
-2984
4492
-2876
204
2002
-2283
2729
-3556
-2160
-2738
555
-1328
-4992
-2503
-2192
3942
3962
2193
705
3966
-2992
3003
837
456
3088
4102
-3124
3727
-4703
-4272
3726
-1280
-1642
-743
508
-4777
-2848
-4251
-304
4774
398
3059
4078
-2351
4653
3208
-1706
-1628
-2696
1976
-2305
-1603
-3818
3632
-3274
-3992
-4258
1826
4839
4722
-4964
864
-3780
3632
-1611
4945
-2128
-3744
2007
-3449
3790
-3898
1698
-4491
2942
-4447
3731
-2854
2075
1012
-2613
1128
95
573
1116
-2854
2029
890
3243
4636
-2836
843
4645
-211
-192
-870
-2975
1210
866
-3012
1523
-2386
334
3271
2478
-2264
1216
1537
-1206
3226
11
-912
-1039
941
-912
63
-2215
978
-1155
-4238
1456
3810
-871
-4186
2682
512
-37
3195
2688
-1376
-1955
3357
4408
3258
3645
-1767
-39
2838
4256
4753
-2979
-3403
4749
1687
462
1235
-2777
-1661
-3495
2609
4858
3132
-1261
4976
4484
-1895
-937
-337
4835
3050
-4802
237
-2843
-4824
46
725
-2845
3278
669
4193
1510
-340
-3076
3143
-1436
-1040
2853
1120
-4254
-1107
-165
2556
3862
-4829
2630
-776
1898
1097
4919
-662
-2342
4544
400
-426
1500
-1810
-2161
1302
-1552
3107
-2476
-3791
-4237
730
1781
4768
294
4077
3861
-4682
-3086
-3504
657
-1868
4555
91
-1759
-3374
3938
3095
-2062
331
3847
943
-637
3104
4651
206
-3279
3716
3337
2779
2807
-298
4066
3954
-239
-720
3903
2383
-3314
-1351
4836
3567
-2756
-4325
-2375
-2255
-2520
-2471
-2500
-2448
999
2140
-2135
3329
4106
696
2344
1780
-894
4905
-1755
-4489
607
-1983
4653
-3451
-2089
223
367
610
2142
-4302
2502
2463
-943
-4794
-4831
4683
1268
-2279
-3186
3711
-2006
2890
-893
-3156
-2989
-1707
-2332
4593
-4284
-3479
-2154
3796
3204
1805
-2213
1889
-4364
-1878
-69
601
423
3584
-3616
-824
-2629
4538
1540
4824
-3956
-1236
-2823
-4893
4488
-1591
-1274
3699
-340
947
2703
380
-2106
1767
4848
3884
3285
3994
4989
1519
-1057
-3804
2976
-289
2263
-2031
-2865
2149
-1284
-1357
-953
-627
4787
-4640
-2033
11
-1310
-4084
3323
-3171
-2456
1568
-458
1552
-2755
-1613
-4236
-2931
-4124
3967
-1524
-3901
-1958
812
2030
-2295
1557
4906
2122
-563
-2180
-3408
162
-113
3789
3310
-4937
-2432
3365
-4301
4369
-3101
3051
-2327
-4027
3922
-3900
-1353
3261
2483
-427
-1562
-3787
-491
3339
2725
-2630
-3124
3756
314
1041
-3847
-1527
515
-2838
-4075
-1777
599
1226
-4650
-2805
-2814
2020
2335
-968
-1155
4007
-4747
2444
-17
-317
-2437
57
-3858
2829
3621
3498
3127
4139
4842
-209
-1988
1012
-2928
1294
587
-2833
-731
-2878
1952
4154
-4179
-2724
2796
-3603
4664
-4810
453
1675
-3761
-1675
-3763
3093
-4690
-2145
-173
-2855
-710
1187
2118
1420
-3740
3115
-1525
-3104
-2773
2146
-4009
4921
1713
-1495
4776
-4092
232
-56
3749
-1575
675
4819
1707
4263
-4264
2595
2283
-397
-3776
-2210
-980
-1955
3961
-2431
-1624
3930