3860
-1558
3142
-1064
-2987
-1262
1193
-1976
-10
-3526
-1966
-1298
-2032
2136
-1763
2703
1480
4051
131
-2827
498
1781
4046
4317
3976
4678
4290
2918
-3247
1542
-1869
2121
1568
-3607
-945
1945
-3087
-3770
4516
-2542
-1791
-2324
-582
-4588
134
2154
-4873
2839
-1990
2169
1395
2949
-1019
1324
-4185
-2574
779
4587
3198
3510
-2580
1940
-2846
3645
1251
-967
-2201
-257
-751
-4630
-706
-2449
2589
-1665
2250
-4676
-981
3773
234
-3517
3661
1392
-1505
-4612
2551
-2548
-2155
1590
-1826
2357
1049
1451
-1697
-4225
-3145
1193
3833
4753
-4992
1030
-2573
3831
-3172
-962
302
2045
2919
4468
2876
-2108
366
-3231
3688
3423
-4724
-893
3316
-3044
-3296
4476
-503
-4467
-849
3580
3058
3374
1325
-4048
4436
1389
-2682
4269
319
3827
-3950
1703
1296
1902
-1497
-4030
1026
3299
-1185
-890
4503
339
-3380
2892
-4971
1733
-1686
-3366
3157
-4726
639
1453
-507
-3849
2124
-2079
323
-861
-4115
3430
4560
3899
3944
4814
1610
4425
4451
2635
-1488
545
2600
3674
-767
3763
3771
454
463
-1511
1745
2249
4312
-3617
-1740
1478
200
2177
4974
3551
2283
4166
3393
-4611
3094
1432
2552
-2619
2402
-54
-306
96
-1548
3041
3212
602
213
-3923
-742
-4876
4615
-2217
-4103
-3135
-1229
3238
3192
2916
-3245
-259
1327
1565
1959
-1586
-1114
3501
3517
-102
-3187
2925
1015
-1684
-4037
-1855
3185
-4940
4631
-3430
3317
-2359
3463
-1989
3715
-4118
-4639
3344
1579
2917
1320
-3776
-2915
3978
2569
-2266
-4839
-4213
2955
-3786
-3397
-4653
-1445
-356
-1354
385
3473
-4973
-1254
3573
-399
1067
2156
3973
-1909
47
-2291
4726
-1474
-809
1662
-1009
-4451
1217
4022
4135
3796
1419
-1506
-858
-190
4322
-1055
-46
90
2124
-1670
2885
2479
-2400
-1557
-3270
-2975
-1230
3212
2848
4180
747
-3442
-4938
3259
2126
-2627
3122
-2739
1904
3717
-2776
4602
2946
-875
2979
-3644
-2986
-399
-4401
-333
1385
-3690
-3504
3560
2180
-4953
-69
-2019
3291
3521
1434
-129
-4259
-2972
4995
-4314
-4939
4944
2617
-1947
3312
1931
3473
-1348
-3774
-2746
-4833
-4624
-133
-2574
4253
-4333
4080
4710
4336
4171
-4373
-4857
-4066
1079
2911
4581
-4009
348
82
4908
-2350
4511
3677
-1120
3879
-2830
-1361
-500
-2369
382
-3363
-2103
-2482
-3773
4562
4580
-2098
-800
4291
2421
3387
3751
-937
-2787
-267
1897
1645
3046
1952
810
-568
132
-3867
2401
-2968
524
-1441
2384
-218
-1353
-410
-2328
-2112
-776
2229
-3977
1194
1928
-1232
2089
-2070
-2789
2991
-398
-739
3189
-681
-3083
4605
3786
3622
-4660
3976
-3767
1221
-4822
-929
-3745
-769
-2125
3178
-1575
-2393
4884
1057
-2116
-2650
-2405
3468
-774
-860
-667
-1727
-149
2269
-3257
-4739
915
-1004
1051
4869
3796
812
4036
2332
-450
746
1002
-3751
-2748
-2431
-631
1740
3243
3681
1149
421
3249
-2885
4788
398
-2136
443
-2089
-3872
956
-4698
-2892
2683
2329
-1053
180
-455
-1147
3866
875
2137
3049
-1541
3857
-4096
2129
-627
1960
1094
3279
-635
-3638
-2356
2923
2595
2924
-1130
-1752
-899
842
3892
4063
195
-692
4318
1218
-2996
4694
-671
-1063
4524
2433
-1007
-4759
2748
-4248
1814
3276
4324
-736
1262
-2864
-3728
-3548
4779
-4312
2424
4351
-3664
-3792
-749
3258
-2458
2508
-1279
-4456
4877
3216
3781
4765
1775
4390
2830
-2906
-1860
355
-3824
3639
2551
-3216
-4411
242
2676
-2546
-3449
-2178
2971
3490
3103
-1806
2419
-105
-3542
1682
-1495
3304
499
-2426
-4192
1889
-2765
-796
-2341
1857
-3990
-1491
3155
4271
3833
-446
1493
-2625
-2655
-4302
-3973
3742
1954
-2988
-1606
2515
-4022
465
796
-2135
3371
-3461
-1736
1748
-3870
-2658
3082
444
-2061
2033
-1578
-3418
-578
-1636
-694
31
-2765
759
3511
510
2833
-210
-2659
3316
-3136
-717
1139
691
483
4603
-2104
-1683
-90
-4602
-1220
4234
2444
129
-1171
487
-3415
-838
-2073
3546
2277
-466
-2176
-3263
-3538
707
3025
-4123
-1552
1053
-2552
-2718
2710
1296
3575
-326
-1762
-4361
-1124
2390
-2323
-2495
306
3208
-1821
-1577
-948
1808
-399
-2214
-4198
-3744
4292
-492
-242
8
1324
-4788
3281
-3023
4546
-761
4300
3960
-3309
-1463
2009
4392
3513
4392
-1690
-315
-1719
979
-4497
-265
2445
-1449
-3399
2224
4232
4472
-3704
2766
-711
4877
-1610
-4766
2001
3866
3692
2846
4081
4439
-3230
1681
-2099
2622
4316
2182
-1752
4944
3571
-1566
-4255
-1448
-1261
-376
-1364
-4039
-1038
-4844
-814
-1270
1919
-1465
1712
3026
-4570
4624
-4653
245
3952
-1703
426
523
1486
2288
-1870
1081
1610
-4150
2358
-1223
341
-2811
159
1625
1539
-1549
3740
-1679
-569
-2650
-2437
-261
4704
4313
1838
4886
-3812
3090
-2043
-3387
-4908
-4355
-1712
-3764
-3908
1345
1103
-256
4152
-3746
-3756
4652
-2594
-477
528
-2837
3006
-1271
-1578
1536
1788
-2292
936
933
3497
4787
996
1209
4034
1169
-1202
3451
-2546
-4831
2379
-177
-2341
-4356
1165
-3868
-3505
-2261
2672
-1060
-3005
-4805
-4982
4095
379
105
4941
-3397
723
-4178
3952
4763
-2381
1934
-2972
231
-4794
-4106
2753
4329
1397
3322
-4483
6
625
2495
4445
2432
-4150
-4465
1645
1779
471
2315
1134
2488
3962
1818
-2758
-3262
-4962
-121
4512
-149
188
-1777
-2397
-1016
3170
-162
1346
-4153
1151
-1046
3320
1713
4453
-287
-3002
-2697
3769
-2632
-2970
3279
-2087
369
704
4051
1545
1350
-1772
4101
-4216
-828
2031
4740
1566
1683
1941
2378
4719
-541
-2224
3291
-4375
-4978
-1075
-4361
-1131
2677
-4737
-2359
1422
-4986
3794
-3342
2299
-2428
3440
-1875
-511
3380
-412
-3375
2244
562
-724
4955
3540
-4472
1050
-2083
1813
266
-1532
391
3790
2428
-3052
4300
2521
2142
3899
-3351
-4332
-3218
2818
854
3810
-693
-1988
-1568
4171
2901
-3531
634
2819
-969
-156
2592
3930
3408
-4207
-1460
854
3240
1948
-2781
-3016
-3014
1328
-2399
-412
3761
-149
2949
4557
1399
4269
1359
4100
731
-3406
3061
2824