-1288
2493
4230
-4512
-3277
1700
-3100
-3188
-233
-3872
1366
1384
-4919
528
-2959
-4902
4389
2486
4732
-2612
3009
-1001
1665
3020
4360
2376
2620
-834
-2583
-1974
3515
-2099
4868
-1151
3162
173
2912
488
3115
1141
2186
2664
4923
2380
-4976
-2
-4893
1870
3554
-74
2943
442
3183
89
954
2303
3800
-1429
2956
1867
4749
4693
-4067
-563
2631
420
1698
3129
-88
-2718
-2267
-4111
-667
4222
1393
-2664
-3441
89
-488
1372
-1454
2865
-2735
4969
2543
-208
1079
4588
-3602
3059
159
2509
2982
-3963
-2703
155
-3699
4881
-2912
2455
252
4906
-579
3805
-33
3940
-2731
3794
-2814
-3011
955
-1629
-3815
-877
4249
-2596
-2110
-4654
-3007
-4798
4100
-1681
-3057
-3721
-4789
222
-4206
-4832
-2193
-2819
-2544
4553
-3362
3989
3638
2346
-482
4088
1146
3614
-2459
-2362
4249
-3478
-2800
-504
-1407
-1570
-3081
-4110
59
3739
-4183
-582
-3371
4558
-3261
3419
1647
-2144
1196
-3004
-4870
3729
3662
-4516
-4282
4903
4205
-3269
-4653
-1220
2436
-4367
1890
4164
2472
-1953
-4490
3076
3442
3679
-1685
-391
-2478
-4364
2120
3909
3009
-62
-3394
-3379
1022
-2352
-1747
4816
3937
-3871
3754
-3007
-4998
48
1862
-4510
-1022
-3380
3967
-2088
-3602
2654
-1509
-145
-39
4379
3971
710
-3639
-3837
3227
1645
678
-2449
1144
-1024
-4358
2546
-4510
-908
-3701
3882
555
-3224
2137
-3730
-796
3753
3590
-930
1016
34
-1499
2409
4932
-2742
244
544
4557
3175
1359
-2470
-4767
-1875
1750
2763
4269
2360
3706
-810
-4133
-2821
650
4811
-1148
3703
-3103
-3708
-2004
-595
2001
-3755
1430
3324
456
2046
-2919
-4700
4565
4667
-803
-2035
-2701
2159
4014
1602
2104
-1406
2614
636
-1124
3559
-2304
2623
-1412
-1106
2120
2615
-340
-472
2021
4039
-3063
-2929
-4917
-2622
-2368
638
2100
-3648
-2785
1150
1910
1084
-2435
-3241
-1047
-4441
4134
-2146
3086
1508
-303
899
659
993
2057
-4403
-3209
1784
1537
3993
-1878
2808
-163
3502
2668
-3435
-1414
-2353
888
3336
4047
-246
-2459
789
3930
4649
3372
-2480
-1187
2853
849
-2368
-2124
-1796
4301
-3838
-1234
-3021
1463
-71
-1254
-600
1530
-4674
-386
3899
3497
5
-2695
-2097
-2123
-2479
3221
3824
960
-2621
1209
4532
3509
3990
-619
2472
2804
4110
-3850
-1089
-3444
-2763
1273
-151
-2143
2247
206
-1101
-1710
3286
-3604
4073
-1551
4959
-4221
3555
3631
-3399
871
528
2332
1153
1572
1357
-1785
3083
2669
-4913
2309
4245
4515
1327
-2946
1171
250
-2269
2894
4696
-4215
-3077
577
-1319
2855
-2433
3060
-3994
597
-1146
-4726
-3808
771
-2664
-1433
-578
-2714
-533
3353
1274
-4800
4583
4609
2695
2062
-1621
-723
422
-18
267
4035
-1968
-3368
-2903
3412
1978
-3115
-4183
4597
4182
1106
239
1032
-4388
4761
820
-4212
-4209
-4040
-4498
1475
-2547
1703
3773
4545
-2331
-4120
2001
758
-4845
598
-2428
4968
-3073
-763
1215
-1853
3466
-1330
786
3946
584
-3219
-2975
2935
-342
3363
609
1661
-623
-2025
-1810
-2307
711
-4572
-4106
815
-2244
1425
-1560
-2573
3282
-1336
4639
1288
-3906
-68
2451
-385
4003
1689
-477
-3575
-1099
3241
41
375
4764
1604
3817
-4036
-3830
3652
-1977
-2148
-2909
-2428
1001
-3270
-4631
3184
-1473
2887
792
3623
-3185
3022
-1098
3816
-2392
2529
4097
-1054
740
4424
1354
484
-4793
-4801
1588
388
3403
940
-4573
-4038
-854
-2055
-925
-1411
4689
3911
2242
2740
-2052
566
-1768
-1191
-1848
3009
-2863
4775
-1618
1390
4086
-158
-69
-5
2909
-2196
-1593
1035
1158
49
-2055
101
-1822
-4673
4867
-3246
2280
-609
1960
-4139
-3402
4109
-3559
-952
1214
-2438
1018
1576
4203
-3084
-3962
-2645
-4230
-3529
1601
-2188
4950
4846
3912
-863
1339
2770
1622
-2377
-2957
-2019
514
794
-978
-3022
-4550
559
-4531
3481
-1730
1505
-4987
3401
2001
-649
4995
-4676
-1238
-171
-1824
4855
710
-3244
-3129
-557
1893
-4242
-4311
-411
4080
-1929
-2106
-159
-4435
1532
-4584
-2705
4160
-4379
-1774
-2399
-3233
2013
851
-1198
-2891
1296
2704
-4735
3525
-4494
299
3807
2348
-2435
-3760
788
-4643
2007
-2986
-1600
-3562
3464
-4926
-3986
393
2008
-1563
2463
-1602
1997
-3090
4908
-4855
1233
427
4679
-1777
-4076
-709
1121
-3655
-144
-1802
-620
176
-3143
-444
-4353
-461
1266
969
2220
4048
-1843
-2364
-1733
-3804
-4424
-4755
-3244
4648
-2512
78
3434
4734
4609
1338
2367
-1680
-3879
-1256
1767
-431
2794
1808
4392
-914
1093
-1002
-4295
-3662
-4072
1304
144
-1205
-2093
1628
-4741
775
4488
485
-4183
4783
-198
-4305
-235
1664
-2594
-2189
-3920
-1705
-167
212
2305
4523
3210
-3769
-4368
3852
-1706
3830
3514
-1258
-539
4381
-276
-4044
-3612
869
1354
-434
-2415
884
1422
-4496
4359
676
-3810
-1750
-1636
-3086
2479
3749
2248
-2290
925
-4959
1598
4870
39
-1418
-2411
4497
3983
-4210
1682
4275
756
3431
621
-1728
681
-2566
-230
3479
-4132
1653
-1908
1733
3245
-3257
809
-969
-2955
1834
-1829
-3299
4839
3601
2802
-3780
-3186
3060
-945
1642
3678
-3612
589
1631
2772
3655
3274
1394
2652
3640
4569
434
-3159
-3307
-4989
-1146
-3334
-980
687
506
-2183
1446
4412
37
-775
2701
-3584
-3767
-3219
4612
939
-763
3854
2512
2598
164
-1520
1221
3279
-803
-2677
-2188
-1897
184
-2571
-3788
-4405
2061
4196
-4019
-1610
1087
3115
-1921
4908
4517
-3492
-3541
-1597
-1084
2134
-3917
-2370
-2869
3025
3255
3012
4186
-4764
1927
3518
-248
-1271
-4527
-3341
1601
-4366
3751
-4108
-1430
2551
2454
567
3241
3347
1095
4279
-700
-3941
2159
1251
-4835
-3790
1355
-2879
2982
-414
2352
-3327
-1695
1201
1291
2664
-3623
400
3316
2140
2777
1219
1401
4359
-3669
-4581
3385
1972
4844
2871
332
4005
373
-1859
-237
2934
3021
4735
2175
-4935
-1141
816
-1911
1800
-1896
3500
-452
3639
4477
-2451
815
229
-4714
4243
-2342
2365
1830
2167
-1392
1060
3666
-3824
-3444
-3392
-4528