1793
880
-1579
4034
-2923
3724
-2523
2405
1328
3016
-3656
1857
-117
2455
4999
3954
4278
-4627
-4379
138
1489
4563
-4711
-660
1559
855
1836
1069
-1679
-1047
2523
2238
-1403
-3231
1367
-3317
-1398
830
1146
-2798
-1788
890
-3252
1205
1494
-2676
-2305
-2230
1766
-4009
1266
-215
-1448
-3641
4469
-4636
4598
571
4245
4804
-1929
-2653
-3162
-2200
-4966
2903
1429
187
2108
-3889
1548
-2474
-2828
-2971
-2656
639
-3422
-3659
-4510
4122
-4310
-4361
-3656
3678
2194
191
-308
4083
-1739
-2186
2948
2127
3958
-2232
4217
-4557
109
-43
3227
-1963
440
196
-2335
2578
4292
-1340
4353
-1872
-2655
344
1987
-1359
-4117
-3259
746
848
1215
-1626
685
-4712
834
-359
-4612
1186
86
2837
3250
1311
4490
-605
-438
-529
-2055
-2254
322
-2547
-4250
-3835
291
3088
1444
-3246
486
-1489
-415
2454
-3050
1100
-2477
1968
-2542
3740
-860
4221
-868
-2411
-2315
-2858
3847
3736
3344
-910
273
1900
-4813
-4748
3401
-94
3019
1867
2540
-941
2057
-3364
-4812
3452
-4169
463
194
1706
1685
2232
3319
1643
-4036
1866
-1489
-2213
4478
-4121
3728
4747
3345
2104
3765
4614
-3019
1138
1901
4892
-4230
-3754
3464
2976
4768
-1467
4061
-4847
2726
-2361
4412
4313
4071
-2664
616
3967
-793
551
300
3297
3987
3625
-3364
-3492
1740
4862
1850
4198
4176
3015
-4884
-4787
-724
2300
4761
3966
1663
904
-2171
-1851
1800
-3424
1263
-1808
-4732
-1207
-4112
-3114
2394
-2399
1253
1525
1544
-1940
-2628
2352
-305
3902
-3885
2903
-4797
-2564
520
-4007
4019
92
-3216
667
671
3986
339
973
4676
2277
-1479
-3941
788
-4583
-2412
4444
-4844
-1893
-986
-3938
3255
-822
-1502
4866
-1223
-4798
-2810
2228
-3647
779
-2911
1095
-673
-3164
-4220
673
-1997
-1490
3284
-4223
4532
2536
-348
4001
-2297
-1849
111
1094
2370
-2264
-3400
1423
686
2648
3423
-1957
3457
-3752
-3663
362
-2534
-850
487
1564
-2227
-2736
4062
-88
-1244
2935
-418
2096
45
1017
-3930
-1227
-736
-3642
2449
1561
-2488
-3796
-620
4077
-2949
2628
-4328
-518
668
4588
860
4072
1421
3171
-2297
-3456
2690
-1542
-4617
1880
4041
4658
3155
464
3533
-4997
-2130
4506
3109
3258
-1007
1725
420
2292
-103
2839
-1621
3810
4645
2934
2315
3246
1218
-3392
-106
2068
1156
2269
-692
3166
-3999
-4242
-1290
4758
-4771
4454
1334
-737
-4059
-4341
812
-3561
1202
2459
-1100
3201
4062
-2733
-4174
3715
-2578
3062
2994
-1805
-2304
-2075
-1864
3089
3308
4491
-4038
-538
193
-4817
3581
-3689
3656
-2341
2096
-940
-1481
2549
-1209
-557
2821
4470
2707
-4121
4668
-3941
2825
4738
-1460
-2028
1050
-1197
-2531
2781
2205
3713
2071
162
1456
300
2082
-3308
-2950
1953
-3358
1253
3508
-1943
1447
-105
-1182
-1404
-1975
2186
-2247
2719
1318
-3895
-720
2502
-2296
4297
-930
-4605
-966
1595
753
-2715
-4034
-3619
1491
-4036
4014
-1194
-3026
1048
3036
2984
2739
-1152
2577
-497
1338
1983
-4896
-1144
-156
1137
-3061
801
4319
1054
-849
-398
-3912
-4121
3117
1165
-4167
4638
-3338
2629
-1996
-2806
4827
-558
1155
-2083
4685
830
4473
293
2143
-2191
339
-1994
-2914
-3628
-159
2204
4301
2158
3761
-1164
641
2230
2465
3892
-1178
672
1819
-910
-4872
-1383
906
4416
-2521
-3400
-2803
-3006
-1691
4095
1360
615
4928
4432
3637
3089
-50
-3379
2751
3733
858
-3765
1451
3555
-4616
1615
-2551
-4745
-1655
4910
3700
-3748
-2467
3913
-1034
-4538
3377
2856
3278
-4767
-4536
2043
-3735
-3840
-4979
1629
1912
-3744
-2421
-3058
1303
654
3469
-3204
28
-1764
3047
-3380
-4870
-2507
2564
1445
3311
4444
-2721
3904
2079
-2983
-3819
4511
2069
-4950
-404
-3656
-4448
-944
-2903
-7
1924
2150
-576
4792
-243
3286
3080
-952
3573
-329
3081
-4880
4101
-2890
-878
1628
1281
-1865
3839
958
24
864
-3345
-883
4444
595
3414
-1871
-1180
-678
238
-1940
-1954
2713
3421
3394
-3602
-704
-3390
661
-2552
3883
1643
-4553
-3688
-1037
-4663
1040
3305
1741
-2880
3502
-75
4991
1759
-4259
-4938
337
3825
3550
4207
-876
-2744
-1092
2850
-237
3219
-29
-100
3432
4574
-360
-2985
-4375
-1647
2606
-2087
3654
3748
4217
-1895
-388
-1272
1473
-1373
-4224
3787
3423
4411
649
3830
3138
907
3619
1205
44
-518
-4292
4664
-1461
1319
-2012
1422
-3433
-4498
2609
358
-3243
87
3715
2338
-3353
-2578
-2316
-592
-1354
-1690
925
4557
1003
-1149
-3221
-1820
-1117
2978
1681
1081
233
666
-4604
80
3793
-2615
2652
4744
306
3135
4572
1454
-3979
2128
1779
4214
-2454
4336
3887
747
125
3852
52
-2331
540
-1572
4577
-359
835
2187
-1219
-1492
-2819
4233
-1397
-4626
567
3656
-485
-2366
-3599
-1728
-2787
-89
2213
1203
-3714
-2438
-1165
-3025
1786
4858
-261
-710
-1867
3581
-2372
-459
690
4641
-1088
2646
-339
2278
3351
-3618
3333
-3874
1367
2202
-1604
-472
-2100
-991
1383
2523
-4894
-4209
-762
-2632
-4377
-709
-1526
4085
-433
-3472
2373
3173
-4512
2720
-4585
144
1550
747
-2415
434
3335
3700
-1023
-1680
-319
-1930
357
2414
1842
-3779
-2180
-942
-2399
204
-2982
737
1531
873
-1025
-3305
3037
709
2194
1693
-162
-2871
3420
3890
240
3464
2384
3800
4663
-2949
-985
-3998
180
1309
-2565
4404
96
-740
-423
-3768
-1351
-3989
-135
2467
-1572
2563
-3690
4609
-2003
111
1181
2795
-84
916
-4058
-3019
4059
-195
226
-2720
-384
-4572
-4874
-807
-282
264
-4455
2965
3533
1556
-4912
2734
-2155
-3567
-1340
-2227
-122
-2410
-3636
3747
-4063
-4741
3701
1256
3279
1245
4197
2938
-241
885
-1749
4317
-1980
4081
79
3026
-1178
-3991
2903
2513
1204
4182
-4089
3067
-3794
-312
-1448
893
830
2098
4254
-2520
-212
-273
-165
510
1043
2179
2635
-2994
-3218
3293
1319
789
-3691
-2580
-3078
3936
185
-363
-806
-924
440
2911
2758
4203
-3389
4921
4520
3753
1692
-2277
4328
-1521
3553