2118
-391
-764
4872
-926
4039
-504
-778
-1866
-3026
-728
-2240
3443
-97
783
2055
-997
19
531
-1251
-474
-2298
242
2124
492
-1562
1863
-622
2675
-1451
3694
-2277
614
1109
-1677
757
-1701
3902
-183
4869
-4325
-2419
3992
-289
-250
-1683
-2419
1119
2952
-2704
-1570
-838
2458
-4309
3109
4987
-2171
4167
2612
-3140
1821
-947
-875
-3476
2280
-424
-1169
-4903
2604
-4737
2085
-4878
-4328
948
-76
-2313
3368
-3840
-3248
-1731
-2106
-3226
1800
-1276
-4779
1497
-1592
-390
4043
3890
643
1435
-1530
-1867
1225
2862
4789
3377
1950
2873
4122
338
3299
-3809
-4408
-4617
711
-1069
385
-3696
-538
-1157
-2608
4280
89
2344
3007
2742
3375
-1003
4817
4571
4124
-1215
-574
-1653
-3892
-979
651
2751
-396
3472
3137
-2618
3860
401
-1316
2420
-2193
-3544
1309
-3690
2168
-709
484
-3778
4555
-4970
1372
-1634
3651
4118
-1733
2612
-4235
4855
-2663
-606
2496
4683
-4399
2393
2980
1351
-4480
3258
-4893
1633
-4860
-316
771
361
4900
-4438
2542
2638
368
805
-2132
3988
-862
359
-2328
-1641
-2330
-4514
2656
-748
3686
55
1833
-669
4102
-3345
2485
4481
3939
-9
-2700
4667
3494
4447
-4048
-58
-3260
-3811
-1509
4583
1821
-2428
-3861
1151
2051
775
2137
900
46
1181
-1892
749
-4178
3667
2170
-2465
1079
-257
-436
2411
-4696
-1971
-2099
2171
-2323
-4752
1636
-4624
4736
582
3269
-746
-4494
4541
-3340
-4796
-4381
-3785
3442
911
-2516
-4607
-213
768
332
4346
63
448
4650
4702
2716
2668
167
4218
-2412
2240
-915
-444
-4138
-2795
-2193
-791
-4329
3258
2164
4074
2629
-1526
-393
1198
-1603
2274
-400
3400
-65
1423
3254
-1826
4530
2670
573
4963
-3039
3357
2598
-2576
4095
3397
-4856
-2038
-108
-2689
2632
329
139
2233
142
563
-3574
3640
163
-4269
-3826
-17
4545
-803
4843
-2982
2109
679
-3076
-2859
-3820
-3836
358
987
1004
1421
-1634
-2680
56
-1281
-2602
-3239
-3177
2676
475
-3706
-1506
-4936
-151
2467
-959
3956
-444
-4103
2635
2299
-2457
-2917
-4203
-2801
1187
2660
2639
2501
-1641
-3815
3846
-4495
1006
-464
2491
242
3926
2798
-4274
3230
3313
196
-954
-2791
-3190
-2590
621
1502
3829
-977
-2095
-1153
-2199
4816
2742
-4012
-1824
-2710
-4193
3539
-193
2868
-3160
-1422
-1404
3447
-4057
-1571
-3159
-1397
1295
-1429
2787
224
-2095
-270
4873
-1460
1466
-4815
-400
1053
968
-148
1453
-3058
2708
-3794
-1735
-4543
4964
-4528
-4515
2878
-2983
2928
-1678
548
-3045
-117
-2750
1549
-2545
-421
-3092
-206
2113
1942
1103
834
4067
4362
-1385
2432
-1124
1252
4951
474
4960
-2260
3593
-443
-815
-3658
-1047
564
-36
-1681
2921
3861
-1241
-2968
-698
-4867
-3974
-3130
4816
-1875
-70
4704
-1937
-765
1506
-3571
-2853
-2073
1227
-1248
-935
-2419
1332
3028
1400
-3537
-1197
-2935
-448
-4402
1729
-509
334
2376
4379
-1904
-4102
3043
-1646
-3568
-1300
-1568
2913
975
1806
310
2245
-807
-3350
-3300
-2297
-2117
-1759
-366
-4674
-2565
1554
4220
-1806
4143
3373
1105
1925
2694
-2164
3568
2633
-4538
225
1961
-4264
3373
-3929
-3263
1387
-3202
1154
-2709
1101
-587
-1870
-220
1162
-4728
-2211
478
1041
-2268
-3067
-890
2111
-3341
1422
1147
4519
725
4483
2002
-1730
2863
-811
-2708
-3018
-2888
520
-816
2320
742
2476
2013
-1563
3840
-3820
-2630
-1723
-2966
-3278
-2571
4650
-4556
2124
-1020
4008
857
-2553
-2205
-1983
4056
-4917
2845
-3639
300
-4492
2861
4845
1440
-657
-4875
-3353
-4248
-3601
-4765
-654
-2148
-3588
2021
-1661
-1863
668
800
-4148
1166
-2680
4256
4629
-3579
-2982
-4364
-2527
3446
-3398
695
2676
-590
4479
-4792
3134
-1218
-4204
-3613
3052
-2848
-2529
4580
3594
2967
-3168
-3999
3925
4712
68
-1254
-4947
693
2655
4001
-4589
4817
-1692
-2356
2338
4153
-2671
-214
483
3655
442
3014
3815
1384
-905
-3178
-1236
-101
1308
3193
-3044
-3035
-2622
-368
-1628
3008
-3522
-4571
4559
-1273
170
-4326
-1898
-2321
-4421
1785
-3547
-3027
4174
3964
-4989
4168
1921
-3750
-1735
-3979
3705
1980
-3539
3199
-1484
-4923
2348
3736
-897
4949
-3835
129
2482
-2752
-1143
1158
-1943
-999
640
-188
1477
-459
-561
3185
1235
1997
3768
-695
-619
3590
414
3839
375
2071
-2805
-4734
-720
-3374
-2724
-4128
-2573
2822
-2005
-3650
2498
-287
4947
-4917
-348
4455
-4789
-2887
-4943
2558
-2442
-71
3480
-4550
-1119
952
-3567
-1949
138
4764
2288
-2871
-3461
-4806
1049
2872
-4270
4939
3091
-2765
-574
-10
-464
-1886
-3740
1918
-3596
-765
-31
300
-4874
-29
-3305
-1368
2344
-3739
-3553
4952
-4677
1645
-3433
1455
-4746
-3877
4
2694
379
-688
1484
-3429
-4507
4167
3753
352
290
-3853
-2093
-3414
3163
4259
-526
1597
-3486
-2897
-1161
3909
-2325
4734
-1791
-1605
88
3769
4218
-4392
-1775
554
4178
-4034
3430
-1883
-2133
-4223
-2123
2413
2776
3100
678
-534
1722
1688
917
1901
2008
-4760
-891
-1936
288
-3213
-1602
1064
-1531
-680
1728
4059
3819
1463
3258
-3139
-173
2679
-4657
-4005
663
-3873
4523
-3485
3893
3118
-209
1126
3688
-2333
-4076
156
-4076
2350
-3133
-3640
854
-2381
1348
-491
1510
3515
2231
-3022
1534
-1000
2019
1249
-206
-4840
2342
-4690
4369
2609
1757
2222
4027
-4403
-3800
3070
-2353
3533
-3470
-3315
4066
-386
-2127
-3911
2422
3971
-2375
-2985
-3072
-570
-4525
-4725
-1278
4482
2377
-4223
3103
2914
4120
-4548
79
738
-266
-1631
-818
-2491
53
-2979
2879
2944
-2312
-4784
1627
1256
1511
-1424
-3092
4949
-4812
4518
-4316
-3275
-2384
-4004
-4362
-4797
-2121
-3428
1796
2416
-4631
-3251
-3604
-4092
3279
-2110
2356
4553
4982
1280
264
-2820
-729
-556
-3676
-1624
4548
-422
544
3163
-4798
2574
1066
-438
-4510
3153
-3619
-1044
-2581
-2520
2018
67
-58
3605
4179
-3770
-4024
-4522
1206
-3882
-1377
4679
3858
-4225
16
4433
925
-2967
-2807
-1541
1145
1089
-572
-4407