-3902
-4263
3673
696
-58
4309
1148
-1522
4792
-215
-2723
2157
565
-4638
1372
1968
2676
-70
-4307
-1251
-552
2457
2053
-754
3015
-1808
-4733
-4164
-2049
3691
-3672
4199
4608
3469
4691
92
2340
477
2865
1352
432
-3840
-4138
-3583
-2477
-3210
-380
-1052
-3897
-2327
2771
-948
861
-354
2937
-1235
4821
695
-1981
1845
-4845
3087
262
3775
1425
-4235
-1548
-2657
2038
-4139
2834
3649
-3634
3666
4082
-3619
-1445
2803
-4494
-4522
-1284
3209
2094
-3601
-4444
-1678
4157
1111
-2386
-1136
-2042
-2072
4329
-1802
51
-2041
508
-3938
3675
4905
992
-3981
2005
-2881
-3402
4859
-1139
-26
3815
1149
3514
-1789
-669
-4667
2876
1620
-2173
-295
1266
4650
-2432
-1416
3408
-3075
-1983
-4542
-939
-1299
-4669
1316
-3895
1973
3301
4427
-3980
4867
2544
-2896
4527
-4727
-1600
990
-3187
4159
2128
2193
660
891
1828
-2608
4106
1676
1349
-1595
3055
-314
4035
3550
-4406
-2622
2444
-1241
1267
523
-2721
-2561
-144
3608
2115
3684
-3260
-2673
-3514
-4526
-4346
4794
-823
2978
-4975
3138
1857
-3395
2208
-3126
-3677
1077
-1663
3002
4085
2702
137
-716
398
-4107
3849
3809
3346
-2815
3821
-1283
1658
-3516
231
-1513
689
-478
-4113
-3576
-2811
-955
1913
2631
65
1807
-657
-465
-2817
-996
-388
-3757
-3218
2920
-4006
2811
2098
-80
-3177
2497
304
3921
-3862
-4575
1248
-732
-1737
4115
-3628
-3380
20
3539
-2121
-1775
4991
4029
-2991
-759
-1713
1921
-3652
-1617
476
3978
-490
1814
4922
4438
-173
-644
810
2200
4351
-3205
4726
293
1173
4440
-2948
3403
3822
-1682
-390
-4001
1492
-4765
-4784
2649
-4851
-601
-2230
222
-1977
-213
4338
-2187
3822
-4309
-999
1402
-4847
-2709
-2339
-4608
1847
3277
-4116
-4297
4340
-2274
-1207
4741
-4887
2224
4426
-1135
-3607
4707
-2309
3746
2640
4976
2614
3038
4809
2995
-3928
3734
3488
3522
2411
-832
3553
3728
3616
-1520
-3039
-358
-987
-1382
-3797
1619
-1204
4012
-1113
-4837
2821
-4916
3164
3177
-1219
-1748
-2014
719
923
-2472
-1477
2206
-912
-851
-4332
4417
1199
4017
2802
-2753
1885
3925
-4822
-2280
1346
3168
4317
-4184
-3182
-357
-1088
-2097
2226
1768
3813
1013
-3920
2678
4096
1974
-3707
-3056
-1637
2375
-531
2522
-1840
-4448
1072
2893
2043
3380
1087
1795
2792
2799
-1354
-3896
1486
-4705
4500
-3370
4903
-1849
3519
1372
2136
835
-4330
-959
1287
2826
116
-3641
2461
3267
-4798
-769
1925
3528
2499
-3205
1363
-2503
4647
1414
4565
-1150
-2146
2621
-2827
2045
275
1690
2811
-1743
1941
4812
4627
2811
4347
2616
-311
2417
-3708
-4308
-2102
364
-915
1862
4800
-3661
487
-1248
-3048
4309
-1798
-2413
-663
2347
1532
4479
-4411
2410
3507
-83
-4875
-3520
3086
-4009
3018
76
4249
627
-2160
3452
3505
-4669
-4486
-1348
3034
2749
1214
3001
-2237
2057
1157
4073
1783
1896
-3578
-1974
3832
-2429
839
1114
2537
-2674
845
-4841
4758
2875
2814
-28
-2668
4114
-4131
-691
4533
3541
-2371
-3657
-3982
2597
-2890
-2464
3306
-4417
4694
-3351
1015
-2495
-1074
2850
498
194
-2081
3862
-2511
-1456
-3021
545
-907
-1288
-2664
-4089
2266
276
-1215
4738
694
-1584
2569
-409
2450
-2305
4292
-1141
2399
-4295
1295
2971
2662
-2009
1144
-1705
-1856
4044
-258
-4107
-4685
1585
-16
-4023
2547
1014
-1673
1581
2996
4870
-1526
-2848
3356
1893
-1508
-2905
381
-1389
1606
-1878
-3558
-2004
4914
3405
641
-2920
1681
2034
174
1512
-628
-2937
3456
-269
-2302
247
1515
1593
-3919
-1075
-780
1882
146
-4626
4506
4766
3565
2691
-2922
-2054
3724
-2067
-2763
4940
-1912
1015
2388
-2714
-1311
3501
-4855
-3119
4194
-1717
396
-1582
-1499
-885
2997
2624
-2478
1966
309
-3348
3849
3869
1530
-3206
-1345
14
-189
4273
4691
-2009
1022
-756
3611
2847
1259
4042
-3619
2696
3275
-4017
3036
-2261
-1109
1932
442
501
4217
-2307
4526
2507
1654
2962
269
-3998
2125
2634
818
-4204
-2137
-3275
-4363
1809
4034
-944
-2469
2700
3453
-984
4437
-4157
-2971
-1080
1260
4134
3249
-1241
3655
2734
4492
-1374
3695
-1101
1342
3850
1696
3515
-682
-2372
1374
1367
-2893
-3170
-3749
-4135
-963
-1837
4075
106
-4378
-777
4217
4008
-3714
953
-4267
-3751
4659
-4934
-4067
2440
-2598
1484
4119
865
6
4279
-2076
4909
1279
-3883
-2390
4741
3912
-1683
583
-250
-879
2474
2212
1986
-2453
-1277
1009
3658
2109
145
3319
4082
-2871
-573
-977
-4019
-708
54
-2915
-680
3027
649
-4895
2431
3127
1656
-3677
1982
-3538
-585
-386
-4809
-56
-4516
-1258
4038
2007
-3848
4247
1303
3369
3942
4227
4160
2746
-4823
-1323
-206
-2098
-3835
1605
-2715
1458
2725
-1187
-3668
2283
3375
-1188
-4361
4375
2732
-3800
4302
4681
-2375
1219
-1670
-3985
298
-1601
1507
1457
-2361
542
4204
2406
-2549
3861
-518
4684
3753
-2260
2786
-1845
3387
-4418
-1623
4788
-2973
365
2878
1352
-3400
307
2029
1272
1683
-1040
-933
2110
-4474
3886
-1172
1523
1090
-1369
4866
-3727
-608
-932
-2749
2838
3432
-2681
-969
-2703
2943
2505
-272
-2013
190
4176
723
-3639
4580
-1087
3018
4806
2926
1452
1668
4539
1535
-1496
1705
1804
-2106
-4892
3776
4467
-2635
3453
-276
-3155
2510
2468
99
-690
-3737
-4602
4755
3879
-3778
-2618
-3397
-3941
4506
-1053
-184
1021
1384
3527
-1005
1587
1808
4478
-35
3062
3035
-4501
3560
1786
3062
2759
-902
-4221
363
741
-4457
2334
2900
-171
-2119
3773
-3730
-4166
2896
-4414
2260
4038
-849
-4934
-1175
-3676
2281
3195
-447
-3833
445
2525
658
672
-2888
-3171
-1668
4094
-172
2341
4249
4532
4887
1884
-4731
-4202
-2741
-4211
2880
-2637
1378
-2296
59
-4221
4948
-3277
1195
-2639
-1285
4811
3080
-3269
-3511
-2945
-1441
3900
-2651
3518
-1004
-3306
-1078
1665
-439
-4972
-76
-4379
2028
4182
-3120
-859
-3787
-2076
-4658
-2910
-1606
1235
3751
1442
3024
2215
-2070
4518
-2510
404
3698
456
2987