-3013
2883
-3597
2564
1512
-1425
1123
-297
1720
-4624
-4904
0
-1299
-647
-3481
456
-2624
119
-4158
-3806
-1117
-1612
-1713
3901
-1847
-4733
-4934
1800
3608
3811
-3536
-1343
-4730
-3865
-2603
-4658
3688
3709
-484
-4132
-3779
-4082
2065
-1187
3921
-729
-1176
3998
413
1642
2938
4664
2561
-3322
2081
-4564
-1634
-397
-3113
-2508
920
1362
-4299
-1609
-530
4322
1113
1276
-4534
-3722
738
242
4575
4708
4984
4517
-4010
-3440
-1373
-4357
1439
-410
2064
-3431
252
3805
-243
1721
1611
-2804
3750
-877
-3269
-3560
-3503
-2291
-3660
-4114
3472
-1298
2027
-4551
2362
-1257
-4591
3063
-1237
1486
2687
-4181
17
-4543
-1800
1714
-3182
-1066
-3063
-2231
-884
4302
2656
-2916
613
2908
-1840
-2143
-4493
1523
-4168
-3410
2595
1298
1830
-2860
-342
3621
1916
4625
-2337
-1362
582
1354
-2696
2951
-2697
-2704
3722
-751
273
-3205
-1468
-4925
-2265
3791
1722
1414
-2430
4424
3549
656
-3384
4340
4440
-1933
3041
2000
1275
2162
-3357
-1219
2084
1376
-4358
-1999
3762
4151
-3657
-249
-3997
3813
1970
4890
-834
2436
414
4837
1256
168
1040
820
1921
-4282
-942
-750
1154
4752
-4647
-1192
1146
4614
-1243
-2670
-2583
-4694
4351
-4774
-2435
-4579
465
4437
-1938
4497
4171
4242
-2576
-1274
-1750
-591
4482
927
-3474
3217
-1593
-4984
-1674
1325
761
3088
-4163
2737
-3954
3269
3484
-2018
4095
3497
320
3590
535
1471
234
-1730
4070
-180
1785
3087
1916
4902
-2389
132
-3029
1915
3349
4660
1623
4963
-4894
4092
-1147
4926
170
-4309
3244
-1997
-4972
-1456
-400
-1623
154
-4229
4517
1840
1362
887
-3475
-766
1212
-2244
2195
830
-1447
1072
4125
-2212
2561
2227
2671
2166
-4498
-4372
-3250
2204
-2194
2188
-2993
1621
1231
-2918
-3018
4575
4894
2707
-1535
-2769
-104
3445
3877
-4647
-2268
-4534
88
-445
-413
-99
-1402
672
-2030
-3623
-4389
-4328
3354
2542
193
-3152
2528
900
1558
-844
-246
-2606
-3054
-3494
4890
-2573
2557
4124
-2468
883
2333
3667
700
2675
506
-2360
4848
-2355
1118
-2880
982
2140
4214
2957
1782
246
1382
1293
-2166
-1222
14
3068
-3271
4094
4207
4516
-2645
-2908
1385
4878
4815
3006
1437
4456
2355
3564
-2249
1298
3656
-3480
-2259
-912
-2930
-3679
-2247
-4648
2749
4671
-3222
-4435
737
-1841
184
-3271
1794
594
201
-913
1798
2281
-3797
3847
1352
1228
-1184
4256
384
2869
1915
-883
3566
-4044
1992
2018
3310
-4534
-2902
1189
802
3213
-285
3721
-3286
4725
881
-4847
2963
1181
349
258
-3337
1750
-3178
4853
2923
-63
-2946
351
-4296
1031
-1086
-4197
3080
-4698
-249
-3168
-180
2415
-4290
4727
-1374
-3994
3488
-2331
1668
-2877
4924
-2315
-57
4666
895
-624
-3525
3458
3877
-3257
101
4962
853
-3085
-1855
3270
1251
619
-630
-4407
-2429
-5000
2792
-2761
-4722
-2476
2235
-1400
-1494
-4293
-2100
2769
1232
-2751
-1941
-39
80
1572
-3839
2564
-1682
-4912
-2309
1995
1664
-4182
-2494
930
1807
2127
364
686
-1095
-3169
2068
-4873
-3513
-4235
2526
2810
-3845
2596
3837
2189
657
-1936
1115
433
-3725
3310
-3839
154
2868
3251
4443
-3225
-4466
1278
1615
2340
-4537
-3209
4214
1694
2758
-4516
-3373
1416
-2388
-3344
500
-1180
-4093
-642
4674
1525
1731
1664
4455
-4585
-4141
-772
-2435
-2589
316
766
-370
2409
-4211
-4590
1885
3058
-3162
421
3449
4775
1598
-899
2691
2859
-2731
-4219
3309
3603
4478
1660
219
-493
-2511
1265
4466
-4923
1441
-2743
1831
3295
47
1203
521
3101
-3028
-666
388
-3488
-1887
-1907
-1238
-1500
-2499
1961
-687
2926
945
-1548
-4912
-4045
4272
-2844
2429
1090
-1951
-4673
-2247
-4213
-3112
-4624
-1812
-761
4779
4772
-3353
4190
-4121
-2178
3113
1644
1551
2056
-1423
160
3628
-987
1690
2391
1452
-1029
2193
1546
2238
505
3680
-1288
-3587
-4452
302
4990
1199
1823
1305
4843
4615
-45
-1703
-3316
-3629
-1151
-4347
-4006
-4938
1650
2347
-4199
-4866
268
-3890
-4369
-2578
-1670
4954
4914
1281
-1530
166
4485
2389
2384
-634
3687
3541
-4715
-3210
-809
-3605
-3702
-10
1820
-4920
-2081
-3864
-4833
-4415
-3837
3115
-1016
1321
3165
-3700
1595
4716
2050
-3998
668
-4967
1461
1992
3710
-520
-1552
-2170
4100
474
-3116
-3541
4369
2311
2281
-4758
112
1892
-7
4415
1586
-759
1855
-2542
76
-54
557
4454
2597
-1901
-566
2533
2809
-2778
2750
-3700
488
-587
2708
3480
733
-3828
-3567
-4753
2452
873
3724
-11
-1265
3690
-4733
4870
2725
-2769
-2539
-4754
1643
-4491
-915
3927
-168
-2098
851
4794
1386
-3360
4849
406
-1924
-3905
-597
4165
-526
3374
-2636
-2683
-4668
4700
-4683
-1769
-1091
3952
-3705
4051
-346
-2938
3893
-244
-4490
819
-2925
1987
3744
4246
3267
-4694
-4823
565
-2917
-3323
2226
-2721
2606
-1101
2827
-2928
4496
-442
189
4591
-1274
2736
-1833
-776
4303
53
-541
1802
1415
-4572
-1176
3543
-3071
3445
-3181
-3856
4070
1865
3938
-2813
2483
-3985
-4249
-1097
3549
4809
4053
1804
-533
248
-2346
869
-3377
72
-1625
-2612
-3240
-4801
3746
4886
-4703
1147
-1464
3083
335
4342
-235
2929
767
-2127
-197
3562
-2109
-2229
3845
703
-3366
-4856
3265
984
-3861
-552
1618
4848
2455
-3501
4384
-2845
-4870
2436
1132
-3637
-4069
-4423
1625
-3759
-4699
-302
-1006
-2169
-1220
1298
4614
3156
3740
1551
-958
-4616
2934
-2328
-2233
189
-3366
450
-1037
-2709
4072
-1735
-4923
-2425
2477
232
1068
-4532
3407
4128
504
1687
-1829
877
-1242
3693
2622
1748
-3524
1314
-776
-4997
609
-2904
-4403
-2221
-3542
317
2396
-1094
-1109
-4738
4802
3708
4257
-1089
2127
2169
-242
-4378
-1850
-4197
-4748
-91
1470
-2408
847
479
-2405
3929
-2898
-4007
3914
4386
3557
-550
-836
2883
-4277
4206
2674
-1560
-2687
-896
-872
-1254
-1621
-4302
1091
3792
2145
3237
4358
2273
-2102
3261
4658
410
3430
1104
3764
3927
1418
-1818
-2340
-1816
3347
1737
2682