-2624
-2830
4765
2000
4186
-1596
-2488
-393
-379
2896
-3823
1120
3945
-3583
-755
4910
3994
2321
-10
-4954
4984
752
-2951
1247
746
4266
3897
-2276
805
4971
-4065
-4340
-1339
2846
388
-4489
3290
-3504
-4739
1470
3617
-2974
-4049
-29
-3676
-3741
3267
-995
-2284
-1020
-2024
-2800
-3990
-3849
-3903
-4952
-114
1556
-4867
388
2754
2679
502
2680
3682
3373
-2499
1008
2082
1741
2759
-2150
2892
1520
3109
1882
-1793
4267
-1254
-4671
798
2057
-3102
-256
3598
-3111
-3423
4046
2266
2075
-1124
1675
-2
2370
-4388
-2118
-3788
473
-952
-2977
-944
85
-452
-3886
37
-3545
-2405
3336
-1079
-1251
-4849
47
-1776
-2989
-1731
1162
-2546
3085
2014
-405
3877
-4456
-3942
2193
2542
-4672
946
-4606
-3137
-4522
75
-1209
3708
4470
-4315
4625
-2365
2042
-2620
-4731
-4652
-2448
2703
-104
-4131
4854
4619
4343
2768
-3999
2387
-3560
1431
2719
-648
-4964
4355
441
-4693
-2338
2969
3714
-256
-947
-2298
1646
31
-4998
566
2566
2440
3457
4187
-992
-148
-1306
583
-744
53
4564
3543
1167
-2706
376
-370
-63
4072
-915
-734
454
-393
2000
-4713
3524
-3100
-1324
3170
-3867
3861
4250
4949
-4263
-3122
-766
-804
2968
-123
1142
-960
-33
4570
-1170
391
-247
-761
-4838
-2530
-2704
1242
-864
-3470
-2955
1419
7
2467
-325
4424
4637
1665
4556
2029
2639
-2735
3624
-2689
2724
-4496
-1829
-3493
2734
-2403
3970
4425
-1922
3514
3166
-1758
-3440
-1003
3088
-3032
3817
-2583
-3386
-4201
-4362
-69
-1425
-817
3227
1319
-3803
2567
4702
2761
-2630
-4860
-4139
-284
2606
56
4852
4412
-970
-2652
-4759
-2070
-1891
3561
4949
4939
1116
88
-994
1659
1804
-2038
-2409
-4830
1017
3456
-2524
869
3655
3180
-4785
-1260
-2096
2831
1290
-283
927
77
37
-196
-740
-2007
-4615
-117
-1833
-2161
-2561
4545
4219
2806
-1030
-658
1745
-4770
4308
3333
-3207
3091
3249
-3403
-2513
-4811
-4187
3699
3606
-1638
4634
545
-4752
-3062
-776
-2386
3559
2720
776
3567
364
-662
-3600
-3387
-2447
3978
-4895
-1512
4133
3762
1507
1443
-2085
-455
664
614
-451
2015
-822
3715
-138
-756
-1594
4911
-3717
-2180
4163
-2662
-4312
4955
981
2657
-2191
-609
3806
4298
-59
221
2136
2132
-2628
-3575
3097
-422
2083
3456
2677
-2598
778
3785
2319
-3990
-1137
-95
-1172
-772
-344
3406
4239
-834
1256
4806
4635
-4147
-3546
3777
-1785
-4670
-2997
3421
-2561
3986
1629
4846
114
-1749
725
-409
2840
2133
3663
-1447
433
-4080
860
2144
4705
2568
-4748
-279
-2120
-3636
-4897
-4300
1721
4239
233
3051
-3196
-4045
-1363
3072
4144
-3511
-3881
48
-3295
3291
-1730
-4795
-756
3255
4256
4406
2391
-3214
2789
2112
3708
1666
3710
1933
-816
-2222
2693
-3957
3910
3399
-37
-2816
-4427
-3837
3800
3172
-1028
702
-2364
96
3776
4076
79
-830
-169
3068
-1692
-2007
3043
-373
4739
1057
1562
-1576
3450
-4442
-1966
4711
-1716
-2830
2884
3592
4021
-862
-1095
-268
-1803
-298
3801
714
-57
4948
-3065
-4238
3851
-3240
2533
4881
3211
2239
2143
-821
4851
923
-198
4694
-3277
-1738
-1357
2549
-4363
-3910
-1116
-4192
2028
3388
-4370
1115
-2907
-2086
2036
-3900
3296
-2098
-790
2848
4416
-2543
4266
2344
-652
-1915
765
-2234
-148
-1665
2620
-3991
959
4758
-3499
-1708
4662
-3338
-2015
2894
-2968
3271
-1892
481
4131
3451
-2473
3402
-648
-2302
-1109
272
-4927
-2581
-213
-1991
4205
-1905
4570
1562
1463
-4293
-3240
-489
-3019
-1208
1240
-251
-4844
-2807
510
-4825
3148
1412
799
-1567
1135
2389
108
280
-2386
-2829
1225
583
2948
3342
-4519
4963
-820
-2111
-3527
491
2064
564
-655
-302
-4552
-2030
-205
-4757
2926
4184
4066
-79
-3550
2403
-3145
2703
-3025
3499
-3047
-320
-2871
-1794
-2545
3612
2919
-1150
797
-289
4364
-387
1142
1489
4022
-3935
-3060
4832
-1360
2685
-4013
-107
582
2962
1388
4533
4080
-933
375
-1513
-1169
-3526
3590
-3105
402
4249
-1257
-3208
-83
1189
4443
-4052
214
-1304
4608
-3938
-684
1147
-1560
-3187
365
-2551
223
-3972
2559
-1760
2881
-2898
4161
531
92
3308
80
-1416
-3678
216
-143
4
-1443
-3547
1827
1455
4173
-126
-179
-3007
17
-3113
-3073
1907
-747
1261
1618
-1639
240
-356
4302
-2059
-2915
850
1306
-1923
-35
4704
3465
65
290
-3443
370
1868
-2713
2432
4675
-40
936
-3512
-3412
4201
-4837
-2926
-924
1933
2725
4678
-4504
2811
-4218
-4076
2959
-4931
587
-1658
269
-164
2490
2376
-148
3641
1010
247
4050
-540
2434
-4317
-4220
2502
-1414
4556
-559
2139
-1247
3200
994
-4466
1292
-3546
4554
2433
134
1511
2235
3575
2107
2637
2770
-3846
3162
-4352
153
775
-4812
-654
2869
-1763
-3287
-610
-3233
-4484
-373
-4620
4492
-3704
1994
-4311
-4027
-3213
-1303
-4649
2498
4478
-226
-4860
3440
-615
-4729
441
1548
2127
-1876
558
-4227
-2106
2296
-2713
-4320
-794
-2617
-693
-691
-3498
-484
-4703
3583
-1141
-1023
-3350
-67
872
4681
-2444
-2054
-1197
4844
1577
2577
-1135
-514
4696
-1743
-1319
842
4036
3205
-3200
-1549
-3027
423
-3545
-3996
4496
-3965
-4593
2245
-3425
-2642
-3
-92
-2472
1602
-4776
-126
-2152
-1199
4647
282
1996
-1851
4538
3394
-2942
3915
-1931
406
-2504
-4298
763
393
-1959
388
1251
-2120
-2665
3076
-361
-3454
2618
2185
438
-333
-4445
-4644
-43
976
-2447
4149
1968
1695
1901
732
-1211
571
4015
-191
-4092
2714
-3063
1017
2702
-4118
-905
239
-1412
2087
-2499
1035
-541
3056
3243
1599
1859
-981
-3351
398
-3759
4660
4339
-3772
2181
1836
-1987
854
3782
-3366
-736
3162
3993
-4603
2048
-3829
-4006
3725
3162
1894
3401
4586
4519
1092
-758
-4818
-3310
2773
2890
576
2632
-2475
1650
-553
4283
2651
-4472
4329
-4209
-214
-2624
-5
4217
-2702
-3868
2372
1228
1111
-1206
2443
817
-4052
4096
3959
-3290
4420
-2069
-3514
-3555
3520
-2336
3751