4197
4550
-3955
4008
-1428
-3428
-398
-3115
-2471
-4965
4654
-4256
1047
-1326
1553
1067
-2748
2306
2500
-1839
-1135
2129
-2036
659
-44
2831
-414
1491
-4738
4254
-4290
4787
4917
-1010
-1635
-1302
99
1707
-3098
4824
2539
4853
751
3173
1149
-1447
-3330
-3968
1106
-4046
775
-3821
42
766
937
4748
-2660
4612
4933
1703
-3036
-616
-31
-2805
-4102
1314
919
-4512
-1871
482
2948
-4753
4499
-4901
2727
1253
4853
-4725
3208
2868
-1971
-451
-3019
3636
-4302
-630
-1076
2714
3248
2231
3761
1699
3025
970
3999
-623
889
3461
-1251
-3322
-3744
-3695
979
912
4728
2025
-1472
-3321
-4829
-1512
-3081
-3009
4848
-3328
-4123
772
-4456
4776
2452
-4161
4518
-1383
184
4
1347
-3205
3734
-4547
-2461
-1902
-3924
-1170
1155
2983
1750
313
3028
4429
-759
226
-2511
2876
-2214
3945
1685
497
4844
-1065
609
4489
-3205
2128
-4380
762
4952
2527
3063
-605
1142
3000
602
-584
-4122
272
-2088
-3521
1338
-721
-3842
-1654
2660
-3816
2505
-254
-1833
4694
4312
-3373
4509
-3169
-68
989
-1593
-4027
-1237
-387
-4869
-1427
4968
-309
-3327
-2227
-672
1442
-3157
-4677
3057
-1993
-1722
-3643
-2008
719
1649
-111
1067
2016
3247
-4772
3479
3985
3079
-3034
-1882
2573
2238
-2587
1838
-4159
-2478
1387
-243
-2657
1225
-4821
-4451
-3173
3081
-595
3776
61
2772
3413
1205
719
-3788
-3854
-4626
4315
2938
-3754
4613
1861
2481
3624
2884
-2500
3259
-3876
-2140
1188
228
31
-4117
1229
-2823
1796
4409
4615
-516
-4028
-4322
-2136
1175
792
-271
-4731
-1895
3772
-3459
599
4148
-1090
3982
-2706
-684
-2643
-4145
4990
4260
2251
-2690
145
-874
-4686
-2077
4931
2246
4587
-1710
-1776
4712
681
-4900
-2098
4005
-1619
-4985
-233
2587
-3080
-2417
-1433
3550
-4797
-1837
941
-1702
-2100
-2157
3291
-2487
3898
-3436
-2158
4944
794
-618
3008
-1157
2001
-3425
-4171
1367
-924
-2050
1021
-361
1794
4700
-147
-3509
400
435
-2412
-1264
3171
-3295
156
-4758
-1185
2196
4122
-3889
-3545
-4843
4630
-124
2886
-4823
-751
3723
-1430
483
-3066
-4272
4616
1274
-4404
1315
2548
2614
2673
-2290
-1179
-4228
-240
3572
1660
2029
1601
-1835
914
-3734
4274
-2695
3603
-3241
4484
-1651
-1018
3920
4666
-4197
2350
-810
-1286
2635
303
-1310
-4000
1385
4474
232
2856
-441
1320
3401
3247
644
-4493
-901
3985
-2396
-4868
-3243
835
1895
3888
-2319
-674
-1225
-4746
247
-1049
-4399
4562
-3288
2579
4304
-1701
3086
4700
-4084
-2056
-3839
4482
-4354
3580
-1969
-63
-2565
-492
4803
-3346
4255
170
4340
1538
4401
-3667
2161
4590
4654
2449
-3790
4666
2716
1267
42
973
2554
2255
503
3561
-3972
1306
-2098
-2602
-4192
-4380
-27
-4971
652
3452
-772
-679
-2658
-2610
2779
1934
-910
-3728
1553
4888
-642
-3266
64
1493
3883
2835
4685
3299
-4382
-351
4567
1367
-1738
-3397
-3239
69
-3239
-3670
323
4483
-2104
3975
-425
-3434
1608
-3277
-4449
3183
4071
-13
3506
-3231
3646
3851
2451
-1527
-3998
3569
-3424
-1673
569
3047
-4336
3053
-3040
215
4966
-4741
4380
-529
-4187
307
-1029
-2160
1763
4656
-4643
-2644
2413
-4024
-3283
3704
-2947
4212
4532
2244
2000
-1084
150
3636
-2888
1937
-434
-1236
-4148
-1313
-4821
-4405
-1207
-5000
-851
2379
1995
-4917
2512
3253
4539
4551
-3731
-2151
-1815
-4655
3195
4196
-634
1807
945
1763
831
3979
-2131
-1046
41
2268
-3897
2019
113
4754
-441
1064
-772
-4226
2253
-1399
2877
1548
-127
2644
4165
2273
130
1135
-846
1178
-4009
-4973
2849
-4308
1824
-4810
-3654
-3550
2668
2654
-2894
-957
2994
1580
129
4543
1118
-3865
3228
664
3155
-3782
1683
2736
-3000
-1493
46
-1873
4672
3792
-823
1713
4655
1129
-4726
3937
-2836
-3244
1880
-2726
207
-3617
-2810
-4212
4002
754
844
981
-3451
-3875
3237
-4044
4695
2436
-3324
-4395
-3286
-4445
-2007
745
4651
2285
4963
-3798
201
-2289
4256
653
3551
-3949
4386
954
3792
1177
690
-889
-4205
614
-1186
-4601
3941
-4857
-1552
-4131
4855
4338
-650
2138
4878
2266
-29
3931
-713
1447
-2206
-2411
4080
2799
-1880
-105
986
4573
3728
-1558
3084
2398
-2966
1608
4697
-904
4306
-2601
3488
-4546
-4058
-4399
4105
1688
-4875
1406
3123
2358
18
-2227
3648
4450
1173
-4564
2635
-3377
-3141
-3523
4701
-2693
-360
-3394
-1419
-3603
3103
-1871
2000
64
4751
-4346
-2564
-1414
-2263
4792
-3939
-4127
3928
4062
2777
4919
-1029
-3229
1224
2194
-78
-1032
1109
-4745
2641
-2708
2223
-1602
-1014
34
4989
1021
4386
-4700
-2033
-775
-2309
149
3664
-2510
-467
831
-1219
-1647
-3414
-1489
-3012
2702
-4995
2351
238
-357
-2329
1228
4103
-4135
1969
-4246
603
4321
-4893
4294
3375
4844
-3041
4934
-3666
-4576
-2662
1490
-911
1063
-4759
4113
-3181
-1305
-3261
2594
-734
-4259
-4244
-3214
3924
-1435
-1622
2022
4682
3677
2210
1149
-3011
-531
-2597
-1445
-1591
-2875
-977
183
-3038
4769
-143
1694
2706
392
3018
619
3393
-3541
-559
930
692
-4541
1840
198
-1859
-4895
3394
-3832
-4276
-1348
333
3838
1302
4156
1704
877
850
3440
2844
1529
2336
-3367
4615
89
263
-3267
469
4941
-1389
-433
4914
3631
3338
2749
582
-301
4278
-2155
2028
561
3598
1764
593
-1183
1554
-989
3681
3882
1088
-1635
-4118
-2747
4595
-3469
-27
1083
4322
-587
-3532
-2235
-801
3775
-956
4881
1085
-4572
4240
-2358
2985
-2758
-4528
1721
-2752
3477
-4961
-4493
-1747
-4302
303
2602
-4119
-1143
-4699
-3912
-513
4662
4824
-4212
-1733
1970
-3603
3712
-4831
-713
-797
1580
3252
4088
394
-2944
-4349
-743
3973
-4005
-3007
348
3467
1841
3480
1825
698
3989
347
-4278
-2942
349
3817
-3788
-3120
88
3537
2758
3887
4834
-2670
-1945
-106
-3751
-4463
-3864
-2547
-4605
4789
4210
2909
-3691
-4789
-215
-1967
3842
1271
-2943
-3183
3474
2898
-3588
-2539
2904
3688
-1657
1274
-2048
4061
-2626