-3608
3242
622
2056
1124
925
2559
2649
3794
-2968
985
-2422
-717
-919
2884
2496
-652
3302
857
-197
1061
671
-3686
4242
1000
-4274
-362
-172
3960
575
4990
-853
-2053
147
3170
152
1473
-3081
2689
-532
2963
2936
4707
1101
1517
1072
-466
4919
-2009
572
-3517
3877
305
-1691
-507
-890
890
1523
-2409
4563
1082
-3032
2894
-3727
-4504
-487
62
-1673
-3442
1566
-1047
-3889
460
-795
3999
3067
-570
4247
-3964
1849
3349
1969
3960
4027
-1939
1211
-2321
-1488
-2515
4967
-4971
918
-2352
555
-1675
4656
-3632
1273
4083
2777
2307
1724
1268
-4177
-549
3911
4199
-1022
4898
2762
3980
-4706
649
1242
-2451
-4594
-1657
-2240
4339
-1095
-4947
-3669
1488
1408
418
746
1890
-2847
-4020
-2133
-2670
-2113
1072
4839
4045
38
3183
3496
-996
2729
-768
-2719
-705
-1764
4541
-917
-121
4017
-1935
4403
2267
-3719
4234
-3095
-3816
-1626
-4475
-302
2061
4422
-3686
-2992
243
644
-1909
4523
-3264
3163
3082
-4122
823
-3216
1422
950
349
-1005
-1119
-1582
1292
-1750
3387
737
-487
-2326
-4486
-3348
-850
-1749
-808
-3247
3611
2507
2117
4912
2331
4859
-4317
2979
-1379
-4196
-3866
-2269
875
-527
-4504
4747
-2857
2998
-2614
-1162
3556
-1335
-2032
-1557
547
1854
333
-2186
1242
654
-3336
-2856
-720
1205
4637
-2049
-2019
-3509
567
-868
-4843
-1457
-2634
-3204
-3827
-472
4295
3621
-4185
-1045
-2370
-2354
2388
-2286
-465
1428
-2155
-3293
-1588
3272
1420
967
3088
-4523
202
-2708
756
3311
-1771
4348
-288
2441
-1339
535
1243
-2303
4636
3651
-4455
1168
124
3119
-2579
863
2983
-3906
-3061
3804
-1172
484
-4137
3552
3278
379
1060
-4823
4413
4147
1207
-4941
-3017
3452
-4419
1759
1756
-923
4404
-971
3895
-1813
-4055
-276
1068
-170
2360
-1887
2179
-1344
-3616
3084
-3556
-1033
1430
-4029
-2376
2124
-1889
-4252
-4438
2956
-1917
-1841
-4959
-1387
-4884
-356
1819
-3941
1961
4751
2693
-146
-3539
151
3783
-4313
-2049
627
2225
-2375
461
-3457
600
-1796
4342
2602
4426
2009
419
-651
-1510
3944
-4857
2791
-2843
-2003
-4820
-388
336
2644
3448
1996
-2554
-3027
2348
-3893
-1974
2159
3376
-4557
-4969
4721
-1825
2501
-3862
1557
-3683
-2420
-370
-1015
-1011
-4063
-2729
2618
-241
-107
-2220
-3038
2551
2832
4382
2321
-1699
-4795
-3042
-4112
-1328
-4650
-2274
1398
-1283
-1454
-74
2223
-2790
-2389
1790
-4617
-4173
4166
-2231
4920
859
2588
1179
1593
641
-2216
4851
1201
4922
1840
-3909
4710
1416
862
71
527
4523
4113
-1799
3223
4496
-3040
2367
4343
4115
-4475
612
3360
-688
4569
-962
942
-4722
4118
4602
-918
2839
-4614
2498
2466
276
649
-4165
2967
-1340
-4355
-1264
345
2458
3825
2018
-620
4554
465
3984
4249
1805
1599
2643
-403
-1385
4193
4397
2331
2462
-3814
-406
-767
-519
-4120
3626
-2227
4775
-1293
1004
3771
-3328
-524
4238
1677
-2202
3931
2689
-992
-3118
-4886
4063
-1266
-4904
-3888
-155
-3624
-95
1595
-3590
3580
-4580
-3707
-2845
306
3493
4210
-1121
2654
-1365
3682
4363
-1211
471
-15
-1842
1691
-2588
-588
3517
4061
2358
3694
-3775
-457
2665
4522
-162
-2255
-3171
-2558
1335
3882
1772
-3044
4665
-4386
1865
-1394
4903
-2694
-4911
-1902
-2770
223
-2339
3809
-402
4437
-3476
1263
4707
3731
-144
2643
1335
1392
3689
-868
-4715
3912
4943
3112
-1908
-654
3742
3279
-904
4111
2443
-4346
-3281
-352
3416
-2537
153
2953
3736
-3491
462
-1320
1609
-2167
-1425
1308
1801
4883
-1264
-2292
1176
-1695
-3927
3524
-2579
475
2978
2288
1048
-1729
724
3725
3807
-668
-371
-2751
4452
4608
174
3201
-2992
-3136
-4337
-1349
1219
838
-4902
4398
1267
2814
-3434
-3579
-3288
-1540
-1765
-1469
4558
4757
-1772
-4136
-4342
3714
-1308
1472
-1041
2451
-3697
2217
1630
-232
2354
2171
3404
-388
481
474
3447
1342
1462
-946
36
-1471
-2149
-755
1952
-4523
-3362
-787
4514
3963
-1335
-2352
3560
-3061
4296
652
-1789
-2025
-1795
2652
-3246
4614
-2009
338
2806
1053
-3767
1367
-583
3360
-4583
43
4784
-3550
2063
349
-4988
4460
3280
3630
2071
-3955
-4109
1599
-4539
1482
5000
2194
-3585
-4982
-420
3760
4987
3417
2555
-4895
-969
3521
-4374
-2567
-737
-3344
3652
-4445
-3435
1145
312
881
-2593
3751
-4032
-480
1527
3588
-1717
-3190
4740
-2293
2686
131
3076
2419
-2296
2402
3968
4150
4398
-345
-643
-271
4974
2592
3637
-970
4909
-1846
-381
-3043
-2313
-3472
4715
2815
-3994
1551
649
2886
1569
-3318
-4665
1663
3187
3843
2196
130
1854
716
1897
-3840
-1705
117
-3641
1172
-1408
-1976
1444
4998
3909
2741
-2248
-1886
-850
-2400
-4267
2007
2515
-696
4135
-1920
-879
3626
4146
-4332
685
1703
-55
1353
-3183
-4935
2495
-1616
99
1111
-4826
2057
1085
-295
566
-437
-1916
2053
-288
4970
-1248
-1510
-3475
-3369
-3288
1431
3983
-2169
-3208
2078
4066
-1584
3577
-4797
-1761
3138
1218
-2017
-3757
316
-3972
3265
-767
2553
830
-4605
927
-4449
2083
-4452
-1025
1818
-979
-559
-1743
-1213
-2190
-4459
2227
3676
-4090
3874
2803
1173
-2619
747
-3318
-3948
-4479
-3883
3642
4651
3547
4520
-4020
-1367
4132
-1387
913
-1437
290
3524
4203
2703
-1752
-833
4743
-1884
-1957
4462
631
-2684
2004
-1843
-1612
4486
-1691
3731
-4685
-3504
-1076
943
955
-570
1478
4000
2535
-3446
533
-2436
-662
-2287
-281
4766
-2610
1716
-1164
4223
4682
4873
-3874
-1575
-3027
400
1874
-1882
-1263
-2338
185
678
-318
670
-1627
4895
1364
-2683
1806
-2968
-146
-4662
-606
-2403
1062
4653
2682
-568
151
1217
237
-3262
2397
-4309
-1014
985
1903
-2400
-133
2108
-3564
-3970
3659
4734
3407
1937
-2222
1703
1673
3355
4659
-1577
-4743
-64
-4283
-4278
-1570
-2484
-4580
3124
-2758
4604
4865
4160
-2598
-921
2134
-811
-1540
324
4352
1898
4058
-2679
1659
3059
3398
245
404
-884
1315
3331
259
-4128