3837
-1529
1171
4332
-88
-1223
3127
-531
-3281
4008
-1965
222
-4784
-3412
3470
-2562
-3718
4391
-1112
-2502
774
4390
3677
371
1873
1757
-3429
779
4021
-3661
-1361
3754
1292
-3435
2062
3470
1661
-2221
-4470
-3108
-601
3955
213
1246
3869
677
4307
-1284
4777
-3402
2727
2033
-1722
4124
-869
1106
2124
533
-1191
455
-2244
-657
4151
-155
3543
4576
4795
-1528
-3441
-4229
-692
4700
3965
1513
1520
-2236
-2205
2044
1641
3621
2568
-1180
1384
-4108
-3699
-2874
-3684
2665
1511
2328
942
-2757
820
625
477
-2554
1177
463
123
-428
-2466
4111
-4526
-1546
-1348
292
1426
4455
1315
2069
-679
4752
-1218
612
3553
380
468
4589
2801
-390
537
-649
-2753
2585
3008
4453
-3638
1936
-3059
-4668
-1085
-3415
-2465
-870
-52
2695
1780
-4841
561
3188
-4910
1366
-4721
-1402
3717
-2833
-2032
-3789
3530
-4580
-144
-1845
-4858
738
-1265
-3458
3444
1784
3131
-165
-3870
1476
-668
-2021
-3409
-3952
-2287
-4232
-22
-1235
1233
4793
-3806
1599
-1385
4739
4770
-1051
-2354
-4667
-2721
453
394
-2828
1060
103
3747
3730
3534
-1770
-1527
-814
-2821
-3085
1210
3082
-3174
-1268
2732
2444
-3223
-634
4400
2256
-941
3915
4810
-790
2574
-3646
2295
2931
3220
-2149
4991
3379
396
-2612
920
-1068
1271
2569
-4424
-1720
-1331
3055
2366
-2678
2187
-1936
2606
-3615
987
-190
634
-3776
-4612
4702
3497
112
-2315
3086
-3516
-1796
363
-4267
884
3644
48
-2084
2106
-2004
-3332
4817
4932
323
4468
3870
-2188
1909
4418
-4068
3882
3794
-3657
-306
-4894
307
-3389
-3936
805
2048
3135
4150
-203
-787
-4572
4429
327
1196
2735
-955
1684
-2596
2592
-640
-457
-375
-2336
-2533
406
-2804
3170
-997
4369
-4338
4126
2249
4275
887
1767
-4308
-1127
4744
3841
-4778
2493
-2230
4630
534
-4588
1520
-1821
362
1192
767
142
-1256
1672
-1702
4607
-4227
-3609
-4316
-2965
846
2705
-838
-225
-3346
-1604
-1379
-224
-2826
-2531
4723
1505
-2780
-3971
214
-3520
3391
-930
-4632
-3472
-978
2386
2850
2045
2665
2932
-4718
1052
-4093
4581
2284
2732
-2942
-192
2254
2421
3408
2609
4814
-4992
3542
-1115
1189
-1342
2364
-654
-3759
-1889
-424
3891
-4968
-4495
1770
-211
-1372
-670
-4807
667
-4383
-4133
57
-3155
2843
-4558
461
4793
-142
4226
184
2220
-4276
2319
4187
-2917
-1133
1584
1404
1471
4535
138
-2917
223
-1956
429
3799
370
-3475
4562
3713
-2091
562
1801
-847
1240
1216
337
870
-1626
4610
4677
-463
2071
-268
-4419
-4887
2100
4778
-1583
-442
-254
-3817
-55
-2681
1399
4015
-1019
-4228
3967
-2213
-1280
2391
-482
-4376
1189
1238
1929
-151
366
378
3218
-3743
2560
2824
-2092
1507
109
-985
771
4258
-4260
-3687
1490
49
-832
2434
-4494
4221
-2146
2941
4363
4225
1578
3708
-102
4650
1264
1750
4742
-1040
2537
-3211
-4730
-1767
3947
-2737
4558
-4941
625
3066
4678
-1177
-3633
492
-845
1162
-729
-1952
1239
-333
3938
-3715
2765
-2636
4004
365
959
-2022
3155
4612
-3545
1659
-2246
1365
-1154
-4413
1906
-90
43
1681
836
461
3258
3705
729
1346
-286
2115
-2064
995
812
14
996
-2611
-750
3233
4508
964
12
1350
-173
-2866
184
320
-2502
-4176
1430
-3928
2873
-2825
916
-1382
4581
-2447
4932
2439
3167
-200
2777
4092
4325
-107
-1036
-246
52
-2675
1357
3726
1315
27
2337
-962
-2334
-1378
1052
-1126
3116
-523
987
-106
-4286
3217
-4495
-247
-3159
4606
-105
4194
-3850
4514
96
-1494
-2693
-545
-657
-4119
-136
233
-85
1080
-2700
3641
-2101
-4902
2406
4841
4310
4412
1072
2700
1782
4148
-2926
-491
2346
266
3395
-2485
145
186
820
1648
1458
1902
3432
-577
1484
2954
1236
4485
1372
-38
1979
289
-61
1947
4065
4305
249
3155
-1225
3746
-982
-3059
2101
-332
847
-476
-431
-3235
3832
-3981
-1031
-4551
4954
-4606
-974
-859
437
1104
4303
-3180
3975
-930
1748
-1027
-855
699
-611
2899
-3243
-2157
-4828
-3089
-2812
4340
2707
-1091
-4695
-2688
1148
873
1855
-2281
-3114
-3376
192
4187
4218
-677
-2522
1362
-2113
1029
-1152
-4141
4029
-3089
4708
2190
-4655
-541
2586
-4750
4997
-287
4800
1477
4237
2229
-569
368
3232
-3786
-226
-3187
-42
3943
4049
-2401
1054
-1887
-4644
-2166
663
-2153
3284
1121
75
-2221
-2569
-562
3472
1529
1361
-3210
-437
1593
-1608
1062
-3542
-722
4963
-3192
-1262
669
-650
1639
-4346
-4339
1490
1676
-3158
-3793
-1386
3672
-2819
2105
-827
1253
-2058
-1010
-2305
295
-2265
1109
-3146
1053
-3383
-4603
803
-2194
-2253
-4076
-619
-2166
4041
2683
-4035
-4406
1004
2232
3421
-2715
4584
-2949
-4878
-2877
-4422
-3075
-3511
-3481
2616
1143
4820
314
-1783
-2077
-1871
612
-2863
4265
742
-2285
2398
-2274
-263
-2447
-1677
4760
-2274
-22
4682
-4902
4806
3770
-1398
4872
2561
-1261
-1306
-1842
2029
-3848
2781
3828
1167
-3718
-177
2307
4749
3940
-1851
294
2104
1268
1081
-1444
1984
103
-3525
-4854
-4399
2914
4082
595
-2950
-636
3521
1049
2047
-963
1273
-2680
-4677
-1090
4141
3670
-2388
2252
1729
3401
278
-2386
3967
-3903
-821
1272
-399
1941
1050
-4428
2038
4653
2419
662
-1679
4030
-3598
-1663
-2085
3941
-4275
2775
-4241
-3067
270
-2917
-2896
-479
-1727
-1087
3821
2517
-3311
-2120
-3299
-257
-3249
-2220
1935
642
-4816
2056
3676
-802
3684
-4556
-1822
1835
649
-1245
-554
-3487
-993
-4550
3141
-1676
2877
-4088
-3727
-3354
-126
1196
-4610
4949
-2725
1811
-206
-1300
-1407
-4905
899
-4017
-3970
-3822
3311
717
-2585
-3311
4829
-1675
3714
-4030
-316
2533
-2463
2330
-1446
-4135
-3496
-3751
-1532
1767
-3426
-1121
-42
-565
-409
-383
-2897
-4528
2210
-2457
2413
-1514
-3490
-2808
1431
-234
657
-4064
2190
2757
2682
-2455
4412
365
2840
-2351
1525
540
-568
3371
3770
4076
-4706
-38
1372
-1254
3160
972
-2227
-1576
3740
228