-4351
401
-4025
4181
2364
2766
-4258
-2632
-2906
-3066
-4980
-3635
-653
-1407
-518
1210
3711
-736
626
-4186
-1471
-4037
2942
-4596
-4059
-4353
-4371
72
2602
-3216
-2703
-4575
-2837
-3338
4398
1640
-2952
4083
4475
-3709
3671
1337
-1208
-524
-3823
-486
-4303
-4104
1250
4178
3808
3680
-333
-3645
-3748
58
3647
-1970
1655
-2088
-3110
3489
4222
527
439
-594
1207
-1169
1367
-2846
-2966
-4693
3884
3987
4642
-3361
-3897
-4791
2628
361
-1002
-1153
3800
1169
4407
254
-4944
-810
3393
3100
4331
-1653
4513
3581
4567
-917
4727
2799
-4810
-4293
3078
780
-718
4234
4977
-1465
2778
-4476
3314
-2168
-4416
-4924
-3911
-2006
-3658
4070
-1579
-4344
-117
-3175
100
1525
4082
3173
-3867
-1204
-2186
4468
-3148
-2480
-1901
2079
4364
-2957
3640
-1898
1319
2590
-3081
4158
-1692
-1183
2297
-2807
699
-994
3656
-4683
-4598
382
4171
-1268
-4322
-248
-1190
-1939
-4556
-464
40
698
-3861
1544
-4675
-2540
-3745
3088
-958
957
688
3527
3498
104
-4172
-1265
-2871
-259
156
-4893
1576
-2207
4633
-3119
-4785
931
2474
475
-2800
4918
-164
1333
1377
-943
-4728
-1952
1888
2701
2492
-1052
-1690
-993
4018
2094
-2247
3567
1901
1784
1964
7
-4340
4625
-734
994
1853
-4468
1291
3828
-1196
1156
4780
3744
-251
1273
-2215
368
-3431
-4652
1119
3695
-4597
1265
-3186
-4352
-4984
4628
1420
-83
-4827
-1897
3269
3916
-167
-3403
-4870
-1769
4475
-4164
480
1828
4962
-319
-3615
1080
-793
-4050
-2398
-3466
-469
-4085
3150
-4864
-2244
-4279
-1783
-1638
2724
-1260
1605
93
-4449
2154
-331
3040
2983
1005
-4415
-4761
-1891
-4143
53
-227
-2794
2433
4648
-974
318
-4686
4321
-4501
-3104
-1956
2607
653
4258
3564
356
1682
-2710
207
1807
4495
2389
445
2744
3022
-3617
-4360
-2447
4937
-2907
-1123
941
2018
2455
209
3852
2949
2367
3686
-4935
-4571
2297
2916
-4164
-3968
-3818
392
-2975
-2398
-1283
-4212
-1337
-1851
1385
3461
-619
-4024
2462
-1992
678
-3098
-133
-2760
2034
3638
2736
2288
-4510
1358
-2253
3191
3277
4291
-1109
-2819
3452
-3082
974
-2028
4198
1074
294
-592
-1051
-4837
4566
1761
-3895
-3024
4807
-3592
-1452
-4393
-2810
147
-242
1441
-2357
-1850
-4442
2233
-4717
2090
3490
489
-1245
2352
-2195
-4632
-234
-3314
3636
2668
3873
-2534
-4335
-941
1167
4058
-954
-3650
528
4666
3902
-4652
515
-4530
259
3842
-1216
1970
-4242
-2778
-3402
-2770
-2442
454
-417
3436
712
-2663
1274
456
-465
-1224
4196
669
4752
-1841
730
4968
4093
-1466
-2159
-2871
-939
1438
4214
-4762
-3259
3024
3113
4919
4570
199
1420
-854
733
-2692
2510
432
-3362
2827
-3162
-1208
-4097
1915
347
2126
1975
-3887
-3591
-424
-1987
1808
2868
117
-3596
4933
-1000
2470
1540
4130
-4215
1772
-2322
3663
2746
-1647
1042
-4797
-2750
-2166
2870
2568
-462
21
-926
2095
-499
4710
-1985
3447
-1805
3945
-296
-2685
3375
-2955
4791
-1757
4093
4308
-1616
493
-1161
-3993
716
-3384
-4389
-189
4922
-3028
2431
605
-4081
358
-2495
-4545
2775
-4232
940
1135
1375
-2163
2312
1764
-2078
-4447
2593
-1107
-3917
1047
2184
4968
3709
2664
-4627
3583
-1299
-1636
3158
-2972
2770
3918
-3182
-1740
3480
1162
3407
-3334
1147
2214
-3165
2990
3172
-3140
4580
-3367
1606
229
2789
4980
-4218
-163
1987
763
-3690
2043
-4412
-3993
2272
-19
-576
2706
-3429
-3749
3449
-4710
118
4901
4656
3598
-1268
-4785
2718
3062
-2819
-3619
-3087
-2179
-4470
-119
4822
-4179
1330
-1411
10
1278
1186
-4992
-597
4428
1701
2569
4099
2662
3289
-857
-700
-1582
4167
-155
1638
-3094
2742
-2260
-1329
-197
2146
-3343
338
-1357
-1384
1790
2444
707
-3019
-775
3217
-4103
-2823
-3425
4143
-3021
-539
670
2562
-3045
2312
967
74
1698
-2019
703
-3691
-1593
-824
4049
2524
-801
1127
3960
1803
-4214
-2917
-2397
2128
3838
-1761
4093
1728
4568
2205
4398
519
-3764
-3778
2988
4595
-2994
-3698
-4753
-711
-2022
-4748
791
-2518
1806
213
-594
-2538
222
-475
3120
4635
3295
-2280
4784
2830
4222
-4912
1635
1175
4735
4048
-2839
-2228
472
-2294
-3836
1059
983
-416
869
2641
4138
4844
1046
-2379
-267
1843
1585
-1451
285
3137
3906
67
1596
3888
-1599
-1724
4276
-4429
-1716
1916
804
-1751
87
-2608
4761
650
2366
4565
-3289
4126
4106
1290
-1516
-715
-4187
3723
2148
3034
-2334
3249
4097
-676
4026
2860
-3322
-4730
-1942
-4245
-2955
2458
-4106
2309
1942
-3255
3348
-1091
-4273
-164
-2959
2139
3706
2250
4502
-2432
-536
2000
3175
-359
-2253
-1804
4668
-4041
-4158
3724
-2622
4456
2662
-2955
-1383
2477
-4303
-3510
4540
866
2583
-2032
4749
-4685
1097
2198
-4266
519
-3022
1420
-200
-3572
4619
975
-4564
-308
-4493
-412
-4496
-4072
-4139
1460
-2609
-1664
-3224
-3645
-3307
91
762
-3363
4740
1570
4563
1813
3186
2745
3403
4362
3537
3220
138
843
-4403
-2850
12
4564
2441
-4245
-660
-3331
4026
1667
-1416
1792
1671
-3998
-3446
2394
-1746
-357
-4215
-4238
-3219
-654
-31
4537
-2940
-4960
-4408
2866
-4124
-2355
3018
2468
1870
-1420
1533
2818
-1120
2046
-1091
4788
-1333
-612
1162
4636
1774
-2696
3756
-1043
4497
-144
4329
-1616
-4024
-4159
2752
-4138
2638
3511
3913
1569
-2892
-3080
-64
-4221
-493
2974
-3324
-3412
2241
1903
-4387
2224
-3116
-3328
2355
2435
3349
-573
-4515
2890
-1210
-2137
4364
1442
3610
-2449
4761
1055
1787
-2059
-2184
-631
-2827
2062
1915
3013
-2549
4032
-2818
1496
-1600
-1922
-1295
-50
-2433
-3137
3392
-328
1083
671
4975
-4942
4119
-4829
-3693
-3849
-3741
-1920
873
4939
2882
3815
502
3382
2132
2538
-4555
-4207
3687
-2139
-3336
2481
4934
-2998
124
1209
1404
19
879
-2796
-3262
1567
-4867
918
-1544
777
-1486
3962
3654
-4302
4711
-4497
-2472
1042
-1709
3327
3014
-4848
-952
-686
-4464
-4045
1361
-3476
1463
1166
-97
1088
-283