2277
3614
4132
-1730
2768
-1556
-3188
1939
4874
1762
2148
2131
-2588
1281
-3207
-3256
-2819
-3506
-621
739
3864
-3748
4464
-4933
-1294
3128
3289
-95
-587
-3067
208
4973
-1450
4230
2050
563
4428
-2453
-362
-2905
3493
-4549
-685
-2724
1082
4544
-405
4881
-734
-1672
3166
-4702
-2056
-2092
-3988
-3108
-4639
-4222
-1561
4848
-3060
1772
-3114
-2971
-1468
2116
4099
200
-2527
-2127
-3574
-4142
-4646
-2168
4026
1164
3949
-2650
314
859
-1546
-898
1642
-2873
-554
3428
3169
2053
-1670
1412
1321
-2943
2655
-4609
-4647
2888
2841
3080
4383
2655
-2301
1978
3802
-1496
-1746
-2304
-721
-3870
-384
2150
-2627
-1454
2729
4378
2664
-2656
-3958
4581
4949
2367
-752
4833
3858
484
-3011
4691
-242
500
-3484
441
3510
-4810
-620
-4280
3759
-3374
1715
-851
3406
3035
-668
-1644
732
1998
3942
-710
-50
1426
-3287
4826
4628
-4906
-4972
1200
1042
-1082
-127
4745
-474
308
2060
-1464
-3053
-3844
3281
1964
2716
2543
2781
2347
1725
-1454
398
-3675
3332
-1563
-4395
2211
-1020
-1326
3726
1932
306
-1686
-3440
-3063
-3032
-2719
-3916
-450
-394
1343
4543
1907
-4347
3301
-1369
53
3660
-934
-4773
-2082
-2308
-3281
-3157
-2387
3710
-1083
-88
-471
2383
-1423
-4337
3701
451
-3248
-67
-3530
1951
1084
752
-3403
785
-2035
-4072
3423
1835
4277
-4525
-3261
-2621
258
1065
-2455
4243
4601
4256
-3805
-3028
666
2575
-1082
-4073
-2036
2350
-248
-4181
121
664
3278
-1884
2312
-4776
-4190
1374
-4656
3385
-4760
4087
-1231
763
-4761
-4167
-1911
-437
-4801
-669
-860
4981
-1792
-1904
-1684
-3980
-4080
4178
-1631
-4273
-3069
-1559
887
-2422
-3634
-1927
-485
-201
-831
-2207
-3939
-1871
2236
3270
4444
3046
-4112
-1610
3254
956
-2271
2989
-2327
-823
-77
4749
-4969
1946
-2631
1517
3137
2494
1831
4701
-2050
-2888
-247
3913
3613
-3955
3683
-3880
-633
1010
-4225
4773
1494
-3850
-4900
1350
1851
3501
2278
2125
-1879
2123
-4795
-2225
2633
-4309
-8
-4753
27
1846
3929
-3236
-4315
940
-4632
-2370
-3225
-615
-2904
3471
-63
-3433
4029
3750
-4033
2124
1400
-3194
7
4394
-3010
-328
-3810
4860
157
-4653
-4336
-4900
1513
3926
1331
2097
-4141
673
1015
-4128
4460
2975
-2105
4696
-998
1012
-2008
-3537
3211
1322
617
1513
4946
2400
-4179
2980
-3907
2860
-587
-1307
3457
2869
-2183
51
-2032
1595
1528
1727
432
3566
-4865
4055
2810
2009
-2143
2330
4430
3505
4702
1423
-1831
4815
-127
347
917
4834
3003
822
-36
3556
-4863
-3590
-1948
3145
3852
-2085
-2820
-2181
-4135
4119
4525
-4848
4245
1281
3427
-3081
409
-2833
800
-3702
1827
-4968
3128
2630
-4907
2462
381
-1220
3366
2122
-2610
1280
1747
4206
-4166
2405
-2751
1259
-1144
1650
-298
-4636
-3213
2920
4231
1939
-71
4244
-4108
-1820
4603
1684
-2766
9
3165
-1130
4543
2813
1320
602
4199
2529
-4376
-3582
2489
-2603
-4680
2157
-2841
-1664
-3350
-2916
-1244
-4153
4554
-143
-3608
4669
395
-3938
-3139
-1290
-1759
2943
400
882
1440
2216
-2061
3597
4163
-1195
1624
3864
416
848
1993
-2464
-2734
814
3717
2380
-132
-856
4657
1858
3527
-2821
913
2244
-2834
-2035
3762
4893
3451
-95
2992
3105
-1442
-4440
3934
-893
419
3386
2862
882
4263
-263
276
206
1615
2566
3819
-1962
-3191
1749
1514
-3561
-4514
-3692
-2458
-1892
-3521
-1867
-4412
4810
2147
1728
3402
1040
-545
2084
2430
972
1377
4183
3636
-26
415
-1240
4842
2023
4215
1513
3803
174
4277
-2427
-584
-1601
3481
3026
1428
-2922
-1356
-232
3273
-92
-3591
4617
-1168
790
4664
-2104
-458
-150
-3094
-4557
-2792
4772
-2284
-2755
2240
-4974
490
-1419
-4212
1148
-4898
3770
4000
1310
2192
-566
-3107
4907
-393
239
-4883
-1056
4671
1287
2086
687
249
2258
199
2520
569
631
-2320
-742
3218
442
1894
-3039
818
-368
595
-2069
4023
-2010
-3678
-1212
378
4568
-1034
2590
-520
4465
-1692
4650
4945
2011
-5
-3731
-4335
-1250
-4635
952
587
2170
-2222
3558
1430
-2993
2146
-4974
-4461
-407
-2456
989
-1378
3832
1172
-351
769
-2563
-2805
-1746
-1595
-1930
-1638
4644
2718
4592
-3345
-3220
-2037
-3116
417
2745
-2171
-2989
-294
2315
4778
-2070
-818
2251
-3713
2176
3111
4836
-4535
-4150
-3575
-2517
-564
-4765
2018
4913
-304
1921
4467
-3215
-14
-1779
4344
4979
2459
-582
-725
-706
-3950
-2050
3062
4954
2184
-3699
271
-2716
-3399
-4063
2518
2925
-3526
-369
-3746
1103
-1680
-4156
3386
1832
3810
3315
-2767
2425
2323
-134
-1428
2454
1165
2641
-2080
-3073
4165
3016
1312
2729
-190
2382
567
-440
-4968
-3049
-4765
-1199
4875
-2242
-3727
49
3727
-4289
3780
290
-4798
4929
2373
1553
-895
4951
-1715
-262
-1440
-2028
-1506
-1586
3454
3718
2803
-2976
218
-3305
-696
2619
-3759
-2649
3609
-3373
1935
-2872
-4971
3920
4161
3929
-137
4030
-2712
-4524
594
4825
571
-2740
-1635
-3630
-3475
-395
-1200
-2430
1542
1174
987
4201
-1737
-2380
1815
-916
3348
-3934
2429
2383
401
2492
-1924
2665
743
2843
-2160
-3733
-3662
-1946
-2597
-932
1945
43
2568
4326
3202
-1497
-2607
797
-1186
-3943
1481
4156
-4832
-3394
-2680
3796
4810
4023
-3659
-4154
-1687
3841
-4972
235
-1812
4230
-3636
-355
-1356
2429
1296
4781
1583
-2178
-4372
-1667
-2470
2252
3328
4615
-3013
831
-3040
83
3843
-3911
-730
2742
4275
709
-1110
-966
-1760
2516
3221
-4597
-3558
4124
4613
779
-2753
-461
-4183
3796
1275
-855
4408
3989
2302
3010
-1842
-138
3187
-797
4979
3694
-3626
2574
906
2756
-2957
2104
3190
2374
2397
-2425
3917
2080
2463
394
445
-3450
-3479
-3256
-4033
-3905
2004
3136
2581
3268
2274
1372
77
3764
4669
1804
-3158
1262
4107
2587
-548
-1551
3428
2802
-3781
1668
-537
-1587
-3642
-3663
-2812
-1150
356
-29
-2008
-2800
266
289
-2653
3022
-454
439
-2874
-1804
3282
-3669
3605
424
-4906