2266
415
331
-1666
1651
3908
4430
2024
-4061
4215
-4314
3624
-2600
-4700
4458
-3432
-3498
-4574
2302
3038
-1787
4360
-4458
-108
-1374
-383
-1529
1755
-708
-4943
3091
2001
2253
4589
-3584
-3040
-1499
-2327
-3168
-436
627
1508
-3340
-1601
-736
-3738
1381
1566
3997
-991
4392
-3306
4414
2991
-737
-4096
-2697
3641
-1499
4440
-1194
-2595
-2043
3289
-1904
48
3584
3168
-2864
1508
-2362
-382
1823
-2751
2152
993
-777
-1267
-4705
-4260
1008
1707
4534
-1115
-2086
3076
-4561
-2344
-1864
3023
-655
3841
-1292
-1373
-250
4810
840
-2916
-690
2656
397
-2591
965
4297
-3334
4221
3992
381
-4286
-4118
776
-1119
-1893
4983
4275
4253
-2478
602
4526
2334
-3703
-2437
-2110
2414
-4142
1539
3585
1298
31
-4340
2814
-405
-268
4694
-1012
2123
-2594
-4347
4522
2273
2407
3586
-3018
-1023
3124
-1263
4553
-4389
-57
-1535
-1373
3974
-563
-1872
-992
4404
1002
-2635
-3294
2234
3190
-1504
3342
4101
-901
1452
-2637
-58
2377
2623
1309
-1983
3582
-762
-4893
-3134
57
2478
498
1189
1207
718
3709
4610
3417
-820
1005
-345
-237
-1686
-160
559
-2968
3375
-1399
2299
358
-213
828
3543
2642
-1526
3276
1456
-475
-70
2095
1946
2568
1318
2187
-2828
4111
1706
660
-1291
1967
-1792
-1119
-1942
2220
-1397
3423
937
-202
-2261
-3936
680
-4344
2156
-642
-4375
2763
-666
-3080
3048
783
-3982
-4851
-2306
887
1059
2360
4159
-2651
465
-4712
2778
-1839
-3787
-556
2063
1479
1553
1359
3688
3773
-2627
-199
579
2844
3671
1809
-1655
-1196
-2456
1101
-924
3534
-594
4287
-3867
3072
2719
-4445
3476
660
-4206
-4568
-973
2686
4706
-1586
4505
2286
-2757
-1790
4120
4228
-4749
-4858
-4682
1340
4224
-192
4445
3088
-4800
-3487
4487
1826
-1517
-3264
-3585
928
-472
475
-2665
1353
1076
-2415
4068
-3468
-2506
1906
-4215
-2382
1307
-4322
3697
1811
-4812
1020
-1984
-3871
-3301
4449
1089
4218
3120
2560
3506
431
3403
-3663
-1569
-4445
688
-4202
3717
-1956
901
4120
-616
-4877
249
3127
-1120
-760
-602
-4900
-1915
442
3523
-4724
-4608
-1048
776
3160
2002
4358
-2093
3732
-1411
728
2401
-4893
-3743
-1294
-3083
-448
-535
3947
-4697
3273
-4627
-3418
4561
-4436
4091
3433
-282
2796
1578
4317
1433
4503
2847
-3876
3535
3600
4009
-876
1309
1258
-2137
-2590
4619
-1825
4600
-3786
4076
501
-1885
-212
-1636
-4477
52
3485
3793
901
-1614
1118
938
-306
1430
-417
1444
-2122
-192
2661
1767
3053
-3192
4395
-1144
784
-2337
-606
-2672
-4924
2783
2495
-1172
-574
2536
-4127
-3329
-4969
92
2412
3383
1196
-4102
4293
3671
3715
4175
450
4679
2850
-546
-1951
4595
3426
1961
3224
-4411
2228
4621
2218
-2688
708
-2883
4321
-4799
4529
1435
-2073
3042
-4517
4794
2022
2871
4649
-2352
5000
-4482
-544
2992
-4813
-4623
2160
-4284
-1824
-1905
3012
-1607
-2549
2623
2290
-3964
2019
-927
4086
-1001
3880
4094
-4981
372
-4640
582
-125
4282
-965
-1619
3300
4032
3895
-4332
-1657
-720
-3827
1772
-4735
4340
-4250
-586
-4518
2094
-2731
2687
4235
-1768
-3641
-956
-297
2578
-2557
1608
1071
1953
3748
2791
-1118
-1224
-4881
4779
2381
340
1561
3282
1408
2037
4927
-4270
343
-1324
4734
4202
-3971
-3250
-4578
-3149
2322
-970
4496
2324
1911
3850
1322
4694
3422
3702
4894
1813
2952
-4945
3177
2562
-4839
-1459
340
484
-2936
-1378
441
-4865
-4859
1137
1719
-1068
-1328
2301
-1020
-167
4680
2273
-3979
-3217
-37
1771
4569
-855
-4774
-1449
-64
-3213
-412
-4557
2514
3361
-4798
585
-4987
-1491
-4804
4516
-4730
3028
1612
1354
-3327
1232
-2707
-1443
4497
-44
2364
-4807
258
1383
3224
-2922
2397
2254
1801
1396
2457
597
-4095
2811
-2614
-4853
-2974
-3828
-3830
-2975
4430
4557
-1307
1693
3353
-566
3358
2107
-3404
-4449
802
-4585
4093
4419
4538
-4576
-3634
3833
1009
-3124
4962
2301
1294
746
-3498
-4726
-2199
1286
-3330
-2021
-1652
153
-3492
3557
-3757
-4071
-440
560
1548
-1017
4813
-3532
3191
-4203
768
76
816
-2535
1191
4227
3331
2673
4156
2768
-511
1391
-4541
1430
2199
3420
381
3512
-1324
-4381
1093
-2673
1483
0
4235
1000
3838
3327
-2217
-3948
4102
-1856
3504
4872
-2404
-841
-3319
-2772
2521
-2423
-3683
-900
2438
3927
-3189
-1907
1994
4764
532
-2544
-998
-2294
400
-3858
2706
-366
356
3597
3758
2826
-1655
4347
-1518
2126
3103
125
-4102
4959
-3835
-1291
1073
75
846
-838
2242
-957
1301
465
1479
4516
3568
540
2058
51
-4386
-2112
3856
-1598
-2254
-4186
2929
4251
-4565
2644
-2756
2294
-3262
4601
4402
3180
1047
474
-4406
3481
115
-3759
945
4580
-4367
3972
-723
4654
2728
4747
4306
4940
613
-1486
-1450
3152
-2176
-112
3855
75
-1559
-3913
4088
4135
1622
4431
1908
1285
-3813
-2648
701
3703
3135
3223
-4836
4019
3523
-4063
2758
-345
-2627
2596
755
1283
-1980
-4368
-1429
377
2059
-2354
3285
-3939
-1877
-1403
-3180
-2388
1870
-1683
-2107
-3742
2766
-2862
-4795
3693
-2411
3958
3631
-3705
970
99
-1349
2555
2895
-463
-2117
4689
-2262
3822
4474
3447
-3703
-4980
-440
2799
-3706
-2110
-2687
1649
-609
-464
-3233
4505
2833
-1463
-2082
-4499
-343
4166
-3546
-2953
-4858
683
-3191
4215
4890
-3414
3366
-599
2817
-10
3928
3087
-2851
3419
3881
3564
-2180
-280
-4162
-3683
975
4579
-1418
1011
-1841
3585
-1387
-653
-4071
-4514
-1656
-4998
1629
-4724
3338
36
-2521
3638
-588
3558
-1276
-2591
3705
-2911
3750
2174
-3010
-1040
-1927
255
-4045
-3119
2766
-3414
-3545
4656
-1579
-3286
1097
-4064
-4579
-1462
455
4355
-2869
-1564
-1106
4744
2780
2298
-2715
1502
-1971
4198
-598
2347
-4444
-3490
-2072
-3278
-4746
-1825
1400
-3625
-1976
-3882
803
1904
3220
232
-2054
1801
4518
1078
3314
-4895
155
-2581
-3242
2882
-3092
-2773
-4428
4650
-2874
4866
-4695
4683
603
3573
-2743
3430
-1760
-2977