1391
-713
-3855
-308
3007
2574
3372
-1496
-4556
-4908
-1976
-3149
-2775
-4506
563
708
3186
-4688
2242
-3374
-4190
3786
-926
-392
-3299
40
-4810
4886
-3791
2318
-1162
-4026
3059
1864
3966
-636
-1392
2163
-3256
-2440
2596
-2430
-3798
2110
1789
-2691
1812
-3862
-2494
4181
-1773
-3235
2787
-916
4554
2175
4835
2458
3439
-2698
-628
4864
-389
-4051
4084
-3995
-3817
-4916
1297
3691
-4127
4301
2175
-2406
-3608
-1253
-487
365
-4456
1204
3648
-4014
2389
-302
2630
3678
3269
3095
4389
3678
-4787
4803
2768
-871
-2881
-910
-4271
1274
3904
-4611
-539
3374
1876
1115
-2797
-3685
-8
-2757
-2395
-3671
102
-1052
4541
-3286
4460
-2521
3028
-3112
-3039
-2673
3377
2773
-4570
-2221
-2635
-4753
295
-4305
-2818
4746
-2365
1710
1358
2241
2490
3138
-1168
2486
-3331
4278
-2728
1962
-372
-4344
644
-2313
1302
-61
3443
-2928
4010
4525
-4026
3344
-3365
-1874
3052
-1624
-4094
1299
-4608
-1676
2651
705
-760
-2624
1634
4805
1946
-4184
4131
-3905
-3480
-1217
-1444
2344
4674
349
2912
4038
-4333
-2774
2259
-4169
-2837
2772
4384
-1189
2870
2021
25
-1396
-3415
-3256
4651
-3101
69
-2630
-1529
-15
-3996
-1735
-4598
1660
3279
4639
2731
-1868
-2419
1614
-664
1445
-586
-3380
-4634
2168
2096
-3691
-3277
4642
599
1404
4481
2865
-4042
-3181
-591
-4392
3052
1347
4275
-3108
3144
200
-4218
2765
1624
-4217
-2100
-3951
3777
-3250
4397
-2767
3617
-2374
846
-1706
-3484
-4063
-1257
-3358
4548
2290
-824
-853
-1759
-978
4964
-2192
803
578
-943
-459
-2975
-1253
-1512
-2178
2018
-3264
1114
712
928
-292
4636
-2886
1436
3910
3665
-2486
-2514
4994
2391
4227
1943
852
4916
-1624
4240
-2786
-712
-2570
-3114
-4995
762
3081
-3615
-253
33
3785
-4176
4533
1002
1592
-4116
-870
4404
4761
3507
1226
3863
-3854
-3640
1331
4762
-3659
-3367
-826
-2604
-1809
266
-3314
-1703
4104
1978
-3558
-801
-1641
-3829
2817
-2343
-2621
2299
-1825
910
-3410
2756
-3228
-665
-2685
-2446
4613
-2361
1150
435
-743
4952
2337
4063
-274
2994
567
-3639
-188
-4655
2040
208
2110
-1823
2530
-2203
-2318
-878
2977
-3230
2969
-965
-340
1126
1312
-4767
1740
-2055
382
555
3904
3142
3460
-1342
-4283
-3492
-2228
2156
3025
2368
-4752
-3604
3750
2349
-158
244
1724
1308
-4990
-3289
-1025
3289
710
1474
-3038
2349
1317
-3937
151
3396
4507
3557
2049
3051
2230
1988
4115
3870
166
-437
3605
963
2374
3806
-4224
-3271
764
2788
-4052
-3375
-546
2386
-623
-1741
945
-2567
3319
2913
2473
3331
2317
-2153
-2775
-1491
2081
-2899
-4858
27
-3644
4662
4341
3744
-889
-11
2807
-2504
4207
-4513
1678
-823
3642
-12
-2382
-905
-1277
-3092
4427
2588
-717
-3645
-483
-3438
-1871
-4536
3387
-2910
3997
-3241
-4362
4407
1001
2162
-4162
688
-3677
1246
-86
-2858
3576
-1336
2122
-1933
-3516
3348
2595
121
345
4569
2627
270
4591
4150
-302
-3953
4328
-929
3510
-950
3234
4420
-3923
-3756
-2357
4396
-2354
4966
1254
-4047
2377
-2764
3192
639
-34
-2363
-485
1429
4846
-3990
1527
697
4722
2067
-4294
3642
-1817
1195
794
-2773
1672
-1770
-959
-2807
-1478
-2229
-4837
1318
2455
1823
4939
-900
2093
3332
-4204
2474
2259
2974
-4210
-2501
4980
4235
1064
-3070
1671
-569
878
-2061
-2739
-3170
-2775
443
4307
-1101
-550
-1968
72
-1376
-372
784
-567
820
4295
2439
1378
-622
-927
-4675
1672
3647
-1394
-3866
4119
437
423
1883
-4104
138
3190
-868
-4637
-2515
-850
-3158
-3020
204
-3689
-1623
135
-4077
-3891
1755
1971
1806
-3937
4701
-1662
-21
4454
4667
-4840
-4815
1337
-3368
-4428
-4654
1380
-4602
4911
-2236
-1985
2979
2087
-3382
2635
4668
-429
1497
751
705
-1883
-1637
2334
1837
-467
563
-4489
2406
4205
3711
-953
254
2355
4274
3600
4640
-2974
4546
-416
1999
-2057
2287
3922
2860
2401
1967
1733
2345
3487
4493
-981
1437
-3006
1108
4568
-791
42
-1905
2574
4832
-3570
2863
4918
-3747
-1583
4809
-2916
4184
2789
134
-4812
-1000
510
4751
-4008
1618
32
4564
-3630
-1827
-3839
-3390
-3846
-4796
-1270
-2889
968
2843
-3981
3336
3346
1106
-1563
1185
1700
2405
-4595
-4381
-477
-2650
-1124
4179
-522
914
4930
1904
-3577
-3003
4977
33
-1559
56
-4730
2751
-1737
-1331
-3268
-1660
-4124
-1050
-4587
-2984
1303
569
-2712
4316
1479
-3260
331
130
-3165
-4327
1637
-3258
391
3977
-3319
1032
-3990
-3740
-2018
-3748
-538
4275
1894
-2609
-1974
4015
2816
-931
-2474
-3060
3137
-4794
-1819
-4573
-1486
1461
-402
-327
4790
-1650
-2122
-2786
667
1846
-1862
-2017
-4178
-2995
-4225
-2720
-1452
-1640
429
144
232
-3677
3134
247
-1958
4249
491
3838
-4846
4617
-1094
4557
-1513
-1899
2487
-1728
-1213
1904
-3546
1984
-1002
-3273
-911
4995
-3596
1380
507
-438
75
-3761
-1106
1683
3601
3004
859
-4549
-950
-435
-1681
3678
-301
-3573
-4616
1976
3100
1089
1240
3149
-1721
112
4487
2021
2004
-2399
2305
1682
-2560
-527
-4238
2653
-4293
2443
-876
-142
4020
-2810
4489
-2048
1882
1134
1553
-4220
3563
2849
-4715
548
-4480
-678
736
4935
1736
3337
183
1157
-4967
4053
1044
4359
4676
2128
-1178
53
-3680
482
968
1329
-3613
-720
-1898
-2262
-2376
3459
-1417
4163
1710
-1406
-4785
-3906
2423
-2798
-4712
-4416
2425
-945
3195
-269
-2508
-3486
3708
-4320
3514
-619
-1807
-4727
-4851
-2368
-2214
451
-1762
4298
2142
4084
-146
1865
1131
118
-1657
-4651
-4801
1858
2768
-1016
2128
3925
214
-426
-498
1020
-4473
-3711
4684
3150
-3575
1596
3137
3129
-4059
4587
2675
-4601
-2811
-2530
967
3125
-3027
4819
-2458
-1807
-3029
2524
-1465
2435
-2165
-3125
4863
-2193
-3159
448
3238
-4656
4380
3435
4434
4724
3256
2211
913
-2123
2965
3624
3548
3526
-980
732
-4962
-1699
530
-279
1054
3004
2820
1981
4514
1340
3816
2163
2394
4534
1335
4199
-2720