-3569
-1074
2109
-237
4124
1163
609
-3331
-1352
-518
-233
-2886
-3832
-3338
-4832
-4847
3887
-3999
-4881
4167
2197
-4507
1092
4280
70
1444
3776
-3888
2726
-436
-4135
3743
-111
1447
526
4288
-1490
-602
4152
366
-660
2203
2198
-4662
-4804
-2975
-3259
1069
-1242
-1385
-86
-673
2399
2084
-616
-185
-2205
-4426
-1006
-4230
43
4356
-3792
3768
-1241
4935
2711
706
1988
-1833
4489
-3617
1271
2175
-1145
-3737
-2585
-1094
-4424
544
4093
-4278
-4520
2539
-690
458
-3412
-2814
-2204
2102
4194
2250
3252
-1908
-3862
1322
1178
-612
2814
-800
-793
-848
3467
-296
-3165
-2868
3748
4683
-4437
-4227
4166
-4914
-3666
-498
-4034
4684
-3765
-4712
-2318
-1735
-1532
3399
-2596
62
-935
1279
-3376
1751
-2365
-836
874
3833
3913
991
4253
87
3829
3523
4748
-513
-3600
1534
-2005
-3611
4545
-1654
2901
-3339
2751
3947
-2028
4456
2522
-3497
-576
-542
-959
763
-2484
3953
-252
1693
-4148
-726
-2271
1858
3346
-1179
-2796
2669
401
4435
-1988
2299
1297
-1317
-4887
2523
830
4361
1937
-3507
-1109
2424
-3126
4966
3282
-4755
-1200
672
1384
4294
-730
-4359
2123
183
-4186
-2588
-1147
-974
-4177
3856
3484
4411
-4399
-3517
233
-2899
3284
3715
-3327
1427
904
-2378
1950
2339
-2457
3396
-2031
2673
-2625
-4299
-1546
4277
-4078
-1683
3744
-2079
-2256
-1778
-865
2553
3846
1586
-3418
-1131
390
113
4673
-494
1377
-349
48
-2045
-1307
-178
1786
1775
221
560
2238
3483
3359
-1121
-977
3486
3643
2542
-4021
3117
34
3291
585
-598
-4040
2799
-4981
1212
4038
2871
702
-678
-164
4585
3209
4471
-2805
-2990
808
2374
2687
-4292
-368
-4982
-589
-3145
-3111
-784
-1960
-126
838
-586
-1798
-830
1549
-216
461
3334
2240
-4481
-2618
-178
-3486
2639
1381
-492
126
3720
3396
-1377
1458
-1163
39
-1167
1792
-1936
2701
-3236
4212
-1601
-4705
-3830
-3735
-3969
-4416
-1120
-1413
-4725
-671
438
3626
1536
-559
-889
4889
4931
4919
-941
3864
-3209
1473
3801
-2863
2796
-4373
4304
3402
-341
1272
1853
-3614
-96
-2845
-2511
-2580
831
-4359
-536
4849
-869
4541
-1439
-4231
-3894
3059
-2162
4018
3729
-61
-42
-152
125
-4757
4233
-1161
186
2857
-3875
766
-338
-3231
-1405
763
3577
4162
2295
1314
3126
2130
1224
1536
2835
-152
-3015
1055
1251
-2546
3973
-143
-3005
4356
3635
2436
4704
-4577
811
4397
296
-1205
-912
3224
1383
1764
-1542
3627
1688
-752
4342
-4710
-542
-3846
3483
-4072
3153
2185
-4080
-891
-4932
-1790
2762
1273
-617
-4376
-652
4720
218
-3035
3285
-3352
3487
3267
-2008
-4836
3335
-3926
-2253
-900
2265
-3468
3246
4557
3720
993
1418
1847
2925
-1374
-185
3400
1416
2415
-120
-1275
-2396
-3359
-4022
1989
4327
4751
2919
-820
-4411
3509
3606
2556
-3549
-1372
1640
-1927
-3602
-4142
4300
4389
-2830
100
4487
2951
-609
585
1400
88
-877
-2154
809
-4268
4729
-2814
3199
-3045
-2534
-1535
4581
-4207
-4652
-1517
-2753
664
1994
-3504
-4604
2784
-3335
3804
-3631
1857
850
-4680
-1757
-2724
3378
406
-2287
2620
-3894
-334
2565
-4323
2300
570
-2637
-2612
1335
-4421
-657
-2365
-226
68
-3472
3354
-2895
-4866
-4834
-827
-419
61
3667
-4945
3310
-3074
-2117
-2778
4087
1538
3660
-2810
3237
3567
1895
-4810
-345
4622
2472
2736
-3718
823
527
-2327
2295
-2198
-1671
2551
-245
615
4744
725
2301
-1601
-4142
-2073
652
-1181
2385
2572
-3968
2246
-3864
-4813
1215
4010
-1454
-967
-2353
-1048
2364
2191
4277
-3523
-721
-862
2447
-3437
4175
1824
4396
-3224
1141
-1332
-1915
2048
715
-3169
-2656
4053
-3776
-3122
1602
-4044
-4235
475
4255
242
-2406
-2282
-4279
4888
2255
1201
-1925
3677
2409
-338
-2048
-439
1788
1676
-4441
-4113
2152
3631
2303
3152
3166
572
-661
-1923
-3561
-1448
2220
-4080
4397
-4573
4312
1442
368
-2129
-630
-4939
3732
1697
4053
-4333
-2124
501
-2535
-183
884
-4291
4489
-2505
1743
2309
1628
306
2720
-4138
-3685
-1667
4703
4980
-4523
-2406
3878
1250
3849
1733
-1720
3946
1670
-2708
-4426
4241
-753
4003
-3614
-205
2625
4905
125
-877
-4330
4725
-3632
-552
3459
-1491
3886
400
-2137
-2848
-115
-3559
447
490
-957
4349
-2250
3034
-4346
-1985
-3653
3888
214
1481
1040
-3735
-4628
-4171
-2732
1159
952
-1536
-1525
-4900
4306
-4467
4985
-1650
-1746
1763
-3158
-2327
1225
192
4797
128
-4546
-3808
1662
576
3011
1989
937
1505
-1115
4564
2546
3408
-4423
272
-3654
4985
2520
4974
3088
4053
4220
3367
4002
-2676
2062
3945
1402
-2317
-2387
23
-3345
2928
1016
-3986
4195
2246
-4163
-4532
-1937
-2804
1359
3462
3700
-2977
-3195
3896
-2687
-2387
-1763
2452
-4706
-487
3479
-4042
-2686
-2275
-3421
-4370
-3017
625
3639
-2887
4861
-2425
4594
706
-4014
-1233
4583
3743
-790
-4230
2472
-2969
-3545
-4872
-1465
1778
-3932
-4097
1107
-3754
-575
2259
-2937
-2976
-2362
3821
1501
-3110
3528
-1145
2624
-1386
1972
-3718
-2011
-4690
-4996
2619
2724
491
614
-4460
-4742
2487
827
-4146
-3374
-2093
-1030
2697
-4764
-3750
-4398
-4803
2936
-421
-2878
4296
1259
-812
-1245
-232
-2242
-2369
2448
3257
3684
-1512
1577
2519
-4315
-4062
4225
-73
1556
-1577
-256
-3367
442
1513
1815
-4504
3113
-3849
-4256
-3587
-4312
-2219
-1812
-3950
480
2915
-3817
1345
-1486
-758
-716
-3824
-1803
756
-4885
-455
-2132
-3538
4628
-2979
-3677
-2025
-2062
3481
1926
-2714
4152
2212
-4252
3617
-2915
-1394
-4084
2701
-2832
4762
3283
-704
-748
2748
4651
-344
2641
-4505
952
-3322
1003
2328
-1711
796
3164
-612
-806
-1979
4105
-1296
-4676
4028
-3564
4590
2071
1060
3983
-1067
4621
-2560
-3323
4196
2117
4925
-341
-3777
-301
4950
-4324
2318
1215
-3466
-3820
-177
-248
-4049
3300
2752
-2532
-4772
-2112
4149
4579
-2276
1756
-4824
3120
88
3488
1431
-1831
4771
-3716
-2854
-878
-3151
1746
-744
-3141
1940
1720