-1535
2709
4925
2514
-4876
1105
-2817
324
-3058
-3719
4437
-1692
-2633
2831
4148
-3687
-2595
-1052
3648
2571
-3487
-2424
-897
2696
-648
-1459
-416
-4658
3148
-3095
2964
-3586
-4633
1937
-3090
1789
-3482
-1741
3227
-1408
4839
4277
-569
-2435
2603
-2081
1470
-1216
1893
-1375
-1482
-3921
-1441
4537
-3910
-4667
2799
-796
1443
3364
1571
509
-425
-2454
-2899
-184
-512
-2920
-1634
-1749
388
-2118
4903
2378
4862
4769
-4394
-3918
-1149
-1567
4545
785
3086
-1752
-3463
3129
1576
1559
4918
-2490
-2653
-46
3840
-4156
1285
3688
713
-3813
-2142
-643
-1778
513
972
3485
2928
2764
4822
1413
-3456
1442
4856
-623
-157
-1309
-3556
1347
-4016
-2565
2212
4534
1296
-2655
-1487
3137
1178
-327
4711
-666
2020
-3995
-4709
96
-146
-492
2279
1590
3679
-2462
-1666
1380
2342
-3931
-3105
3229
-710
3965
-4651
-1204
1318
-4783
104
659
1343
-1434
1729
3615
3689
-1397
2085
-3442
-2230
1860
-3414
-3144
3344
1058
-3737
2847
-4224
2446
-1808
-373
-3956
4949
4207
-4085
-4429
3758
1364
-1903
-3808
1928
1790
-2178
1506
-3621
-415
-3268
-3844
-4377
-770
4751
-2766
-1566
-3229
-955
4059
4144
3594
4494
-4877
4828
3773
2812
3436
3180
-2159
-2710
-248
1079
-2793
153
2356
-3651
33
-751
3611
3061
-186
-3363
1455
3449
3686
4977
1800
-1713
3359
1549
3046
3363
-619
-3058
-2876
2528
686
3519
-4739
-1047
1611
2069
1229
3001
-857
-2195
4080
-2757
3501
-301
2482
-3198
937
4736
3824
-3341
4069
3335
-4545
-1346
3443
-819
-2942
-2368
3994
-1316
-1854
-294
-2317
-3658
2659
834
-3526
-2615
-4634
4688
-4777
1443
1893
-4674
-4486
3728
-4554
1477
4513
2647
-1181
-1683
-3721
4739
3676
2697
1690
-4749
-1856
-4267
-317
-2469
1349
-4998
-4482
-644
46
527
3492
-3165
-1675
-777
-4965
4918
172
1436
4833
-3846
4125
-2282
38
2495
-1793
-2846
-1516
1229
-473
1944
2237
-1601
-1400
4837
-624
-596
3702
-2777
-2768
388
1803
-4911
1420
568
-4191
3008
4841
4329
796
2460
372
-2262
3106
-2183
-4711
-4080
-2685
-1689
-2498
758
4024
2401
3606
-3926
-36
371
-1461
-1673
-4189
-2380
1977
1823
4309
-326
3856
705
-1081
-1176
3690
-3590
2540
4723
2589
-2411
2906
-2346
3274
2043
629
-945
-3860
4196
-4920
-912
2620
-818
-7
3889
3769
3039
-301
-1817
837
-1259
2992
4007
3878
-3318
-4727
-111
1400
3170
-4456
-4926
-3476
807
2617
1043
-3549
-670
-1781
4979
670
-1873
-3660
-4968
-1657
543
1165
-2324
-756
-1336
-23
-4032
2894
-4640
235
-3164
-712
-2854
375
857
-884
4308
48
1450
-3086
3010
-4854
-2122
4359
-1674
4954
2528
-4529
-1457
294
4364
-1139
-2488
-4833
-1430
-3253
1162
-810
-1995
921
-224
8
2530
2142
-3472
-941
3146
499
-2186
-2496
4245
-1736
-1679
-4724
-2195
764
3533
4846
3849
558
-3442
4682
4043
3498
-4850
2829
3600
-3068
-2955
-3285
3957
-4625
-4318
-782
2105
3433
1249
591
-1768
-4061
2122
1590
2803
471
-3857
1302
3584
157
2327
-4197
-2672
-2139
1150
-2793
2812
3810
4483
-3555
2888
4287
-3174
4628
-1577
2112
-3011
-1295
-1304
3134
-4311
4215
-4241
-2473
-4081
3642
-4177
-2890
-954
1351
-3667
-3817
865
3350
-2430
3178
2947
45
-320
3231
-1424
3697
-4937
-2896
2587
3515
-688
2342
-744
-1164
-787
-1570
-1733
1336
2779
701
2813
3771
-1389
1759
-4133
-4310
652
-640
-2890
2278
3308
-2476
-549
718
3996
4642
3727
-1871
-3507
-1345
68
1773
722
610
-1089
946
-2064
-4352
-2669
-4815
1950
4854
-3786
-3920
4238
-4736
3275
-2871
959
-4039
-799
4321
-481
3621
-1235
-3163
1238
-395
-2404
-101
-4761
-3194
2481
-3437
1459
162
929
-3649
3044
1752
-3452
-2193
4324
1134
-4467
-2171
1733
1565
-4376
-326
660
-4166
-1971
4992
111
-2946
4173
224
2666
-4743
2918
-374
71
2614
3052
2020
-191
4843
-3183
-944
3078
2933
669
1484
-4241
-2688
4838
779
792
-1976
-1991
3475
3982
1668
1186
-1814
-2290
3033
-165
2251
-4161
-413
-4451
-2427
-4537
-3258
-746
1489
-3373
4491
-515
2887
-823
-2919
-4240
2403
-2617
3909
-4525
1827
-1358
-2793
-1365
980
1008
-1990
247
-1897
2192
-1306
630
56
4133
556
1986
-4243
-43
-1441
-3926
-4651
-3580
1019
4855
2408
-436
-346
1779
-1068
1615
4731
-744
-4269
740
3056
-1602
3151
4313
-2892
-145
4828
-902
3601
4770
-4263
3237
3748
-4164
4046
2757
-3405
982
1080
-4949
-4445
-2649
-1431
-4481
-4694
2659
-2985
-1340
3737
-4581
554
4703
-2034
4977
-3839
-1223
-4796
1839
-893
378
-2844
-371
-1692
3735
-1141
-321
-2434
-3302
-76
-4951
570
4186
-2731
-3975
4397
4689
3476
1363
-2755
-3078
-3951
3867
2801
-4889
-2940
-1620
-4385
-1143
3951
996
1722
-1939
1045
-3531
2567
2174
1143
-4500
2222
1141
-191
-2277
-406
3673
-3499
3609
-1865
4086
-4442
4138
2519
4308
-2674
-620
1840
4484
-1920
-3799
-434
1047
-3157
2023
3680
3958
4973
3531
-1096
3438
4512
1211
3658
-1698
1555
-2293
1492
-302
4392
-2260
-2819
-4570
-4603
678
3265
642
324
-2105
-3925
1316
-4319
-2141
-3383
1771
-3436
1813
1424
4556
401
-3710
-20
-1442
-1659
1658
-3486
-1921
3635
-957
-4355
1496
-3435
-2788
264
-2262
-1305
-410
4003
59
-1665
4134
-1714
3910
-1228
-233
2593
2299
2443
-778
1188
-1946
-1332
-3911
-774
3443
-3750
-2230
-2626
4402
-3668
-1448
-1500
-4743
795
-662
-2423
305
-3672
-3855
-3921
4628
-2435
3911
-3567
-4562
3202
48
4443
3890
3926
908
2063
-3313
775
-1996
200
2557
301
-1249
-2348
-2704
3427
1428
-4453
760
-472
2413
1924
-4724
-2416
351
-743
-4981
2291
-884
-4575
1957
-4040
4887
-2062
-3893
-997
2805
-4488
2112
-1231
3944
3392
-1499
-159
3073
-1096
1745
-237
172
4941
3855
-4909
-1720
3019
925
-1492
-3855
-1532
-3357
-4778
2550
-4484
-2598
1185
717
-1792
-3579
3206
2910
1050
-3722
-3624
1017
-4324
-4921
-2995
1922
-2685
-3164
-2976
4623