82
-2461
4209
1398
-3272
3779
2471
835
4749
3966
3158
2514
3050
1974
-1251
1770
3319
-1364
454
-3846
-4026
-1294
1610
4401
2014
3870
-1004
1071
1389
-662
-3161
-1098
3944
1170
1115
3137
3105
3070
-2938
-2986
-4845
4530
-2621
-2612
829
2433
3904
2470
1032
4394
-462
2518
-2887
-4642
3539
-1069
1222
-2331
-4373
259
-3087
2054
-2510
4451
562
1755
2525
230
2451
-3691
2817
102
4297
2232
1765
-479
857
4545
915
2965
-4532
-987
115
445
-3710
-2609
-881
1734
845
67
267
-3915
4647
2972
-207
644
-3365
-4001
1356
-2134
2042
2265
3802
1656
-353
-858
4068
-1243
-3187
2938
2156
882
550
3797
-3785
-3820
3296
-4265
-392
4233
-4604
-1969
-224
4225
2933
1125
-1683
4960
-578
4523
-2602
-4350
1055
-4683
3791
3959
2712
1362
-4485
1803
2002
-2704
1153
-1583
141
1792
951
3924
3233
-1583
-2594
2927
-4172
-4482
-2630
-4454
912
-4801
-4923
-1678
1721
3228
1218
-1268
-2376
-1546
1808
-2512
1158
-3708
2881
-4123
3959
-3071
4025
-4720
-796
555
-3762
1472
3686
3630
2089
2726
-4608
2154
2830
3043
1758
-3138
1239
2215
1062
2110
4682
-3552
4449
-3428
209
4379
2454
3568
4947
-4963
-3069
266
-4064
-726
-848
-4005
-1736
-200
3700
4632
2529
2310
-4656
-4034
2552
2914
2327
1444
-3402
4897
-4796
179
3061
-3518
2623
4519
2742
-2272
4860
-4231
1442
-639
13
-3005
-2971
4516
1469
-3386
-878
-3279
-274
-1425
2497
-326
-2964
-598
-430
1055
-534
-1049
4836
1322
1199
-3002
4111
-1373
4154
2577
3955
-2364
-3894
1195
4825
3584
3046
4841
1229
-4229
1472
-3942
2955
3091
4844
-1185
-1419
-4049
-265
411
2261
3520
3180
-1748
3874
-1992
-1055
422
-4419
-1340
2033
-1951
-2614
-4865
994
-4355
-534
-137
4497
-444
1195
812
4924
3955
327
-3101
1363
3782
-3784
3746
606
-2403
4438
2957
-1837
-2104
-604
1028
-4381
830
1882
-3700
2037
3132
3244
-2662
-1305
-1988
2084
515
309
-911
-3265
4112
3547
-1558
2513
2665
-3239
-841
1238
-199
661
1775
-1971
-2553
3558
-2055
-2027
3699
1327
-4224
3190
3885
-2102
1017
-723
-4262
3815
-2143
3914
-2804
2397
-2767
-2378
4167
-4194
3096
2134
2211
4402
-603
4465
3036
2119
-3321
-1434
-272
-4890
54
2638
1539
1630
-4476
-2313
-1278
-2047
-3596
-4424
926
2288
-4810
-526
4327
-844
3798
-32
1534
-3867
1652
-1629
-861
-4138
-2714
-54
66
3356
-2263
-1921
4478
429
-2009
-4132
1246
-3961
3850
4559
3386
-1754
3086
-4956
-1361
2930
-243
1913
19
513
4324
3783
-2336
-3761
-2877
334
-4039
3135
3605
2411
3568
-4094
4268
-1942
-1368
1319
3327
-1983
-2426
-2390
3351
1273
-4825
-1061
-1583
-2318
1227
-4247
-1262
2127
-2144
-3832
2086
416
2060
-2707
3369
3659
-2464
-253
-4561
2957
-2928
-724
-1145
2527
329
-1272
2966
-1437
-2872
1622
3103
1254
-852
1872
2284
2466
680
3190
2836
1934
-2876
-2770
-2174
2677
4602
-866
1537
-970
2826
2468
-3783
2561
2173
-893
-27
2398
3521
4188
3574
-3959
4166
-2439
-4538
4930
-2774
-3737
2293
3241
-2046
4324
2604
-4034
21
-626
146
976
3761
-2495
3330
4281
-4720
883
-2214
-1433
-1011
540
-4620
-1962
-3127
-4821
4482
-1846
1032
49
1156
3574
-3112
661
-1890
-4747
504
-2662
1940
3372
-651
-1405
874
-4641
-3051
3652
-1839
-4235
2914
-247
-1323
1805
-3426
2153
2020
881
-1761
1514
1185
-3971
-2979
2729
535
-3286
166
1214
-3407
-2271
-3683
-3091
-1475
160
1574
4500
4785
-3315
644
-3627
1844
-1238
-2710
1659
4458
1081
349
1233
3476
1779
-2292
4088
-2469
-567
1919
-3862
10
49
2471
-925
-3313
4210
2004
-3346
4592
2143
522
-4791
1838
-826
-1650
-1640
3559
425
4549
894
-2964
-2268
2253
-1032
-1367
-338
4169
-2126
1708
1499
-2253
-3000
3700
-4250
4050
3555
-4486
-3883
-1263
227
-3184
2227
334
-4317
710
-2483
1728
-2362
-3002
-4872
-3330
2854
-1783
-894
-2476
-3108
3607
-33
4225
-183
1439
-1519
1143
-3403
2143
-4699
-2380
-2241
-310
-392
-1966
-2552
-3757
-4478
-1924
-4890
1791
-4650
497
4783
-42
-2336
129
2226
4118
622
-3938
-1422
1256
2341
-1713
-2436
-3704
3333
4801
15
-2977
-4763
-3342
-1578
-3629
-396
-812
-1834
2525
1929
-3596
-2013
4499
4045
-695
-3160
-4395
-29
3224
-2559
-3346
3671
-282
272
-2147
4870
-4741
-1938
1520
-2245
3912
1765
260
4238
1789
-2472
-4988
3054
-1381
604
2553
4431
2279
1983
1997
2479
-2719
-2975
-3506
-2752
3743
-1618
1549
-2925
-3435
-3
3132
4652
-2754
-2945
2437
3108
4568
-2122
4600
-4968
-1792
-419
-4151
2247
1002
-4933
3180
-3782
3173
4953
-3668
-4336
3314
-2858
-3579
4858
-4912
114
292
2613
-1752
4411
-3339
2644
-4537
-3215
1670
1971
4630
2870
-3441
-1441
4878
-3490
-670
3262
-1213
2942
2582
4458
40
-284
976
-4367
1105
-2150
3944
-4876
-3691
-1045
-714
-1903
1673
-1720
-1432
-946
4619
476
-4121
-356
-2363
-3196
-3745
-2213
3582
1884
-4775
-2348
-226
4688
559
-2343
-4961
2157
-4415
-1850
2720
-3614
-2623
2683
2552
2401
1908
-557
-3210
3696
-4082
2339
-4865
722
-4972
4352
-3632
4309
3865
4065
-3053
3737
-3503
-3178
-1151
-3074
-252
-3092
-1224
-2718
416
-3834
1109
-3780
-3529
-106
-4484
101
-1518
-1071
-2343
-4409
-1686
-996
3084
1987
1590
251
-3104
-2795
-1335
-4487
4098
3365
1058
3226
-4226
-3812
-3070
3444
2261
4183
4300
3763
-1659
3591
-1823
1872
-4688
-2034
1006
-4070
667
4107
920
-776
-2241
2974
-312
-4513
3687
3172
3101
4355
-4327
3760
4057
4373
3348
199
-4495
-3730
-2177
-4853
-122
-4237
-3571
-1522
-247
4338
-2190
-267
-499
2843
-2992
673
-4221
2261
-4768
832
-3399
164
-4182
3944
2428
-3993
2228
-3330
-2406
1197
1104
2606
-1272
706
-2749
1461
-4343
2387
2635
-4658
-4451
579
344
1581
1793
-578
930
-35
-4052
4427
1576
-1786
209
-3532
-1406
-444
-4071
-1771
960
4212
1158
124
3527