-2099
-4046
-2637
-610
-2875
4283
-3100
4835
-2814
-2982
-2781
4501
404
-2705
3480
4077
-3543
3552
-1144
-2062
3746
-1710
4834
4365
1190
4463
-645
-3031
-2721
4261
-1311
-2808
4361
4769
1159
144
3770
-168
2532
-1021
1611
4881
-3172
4472
-3196
-2114
3412
-624
3960
4888
4387
-4979
148
-3847
4101
1376
1591
-2899
-1533
-1985
-930
1137
-3718
-3662
-4776
4994
-4132
1384
4129
4534
-1493
-2324
3095
3736
-777
-3503
3610
-3521
-2307
2632
1966
1927
-4457
-4922
-3853
-634
2479
4327
-4272
1473
4020
-1610
636
-3013
-2676
3800
3699
-669
2272
-1636
-3792
-1084
379
-3384
4904
3805
-4902
-3954
-4307
229
-705
1112
-3649
102
-1539
-47
2004
3093
-4571
-3118
-4758
2282
1906
4375
-4358
-4533
3530
-1822
-691
-1407
-3512
3993
-341
-1166
-1787
-4859
-103
-4773
3350
908
4874
-1448
1702
-4321
-1458
509
-3994
2498
-56
727
2010
-1005
4234
-3434
-3291
-3972
-2563
-4407
-3586
872
-4181
-465
607
2490
1274
-3782
1499
1809
-2909
-4396
610
-1224
-3860
-4955
3329
-3362
-839
-3837
3393
1655
3655
95
3588
3727
31
230
4285
2785
-1263
-1866
1118
-4220
625
41
1709
4569
-1641
2998
4651
-3763
1446
3519
3265
2654
-503
-4830
-2094
-4116
4366
-1614
-2162
-3077
10
-717
408
-3648
4469
2159
-4135
-3822
-1335
-1084
-1100
-997
3454
1638
3
-2230
2011
-4780
4050
-2899
-2428
2304
4771
-4811
3269
-767
2200
2798
-4634
-4652
4855
-4667
-3166
-4509
4359
4657
-1025
1151
4978
-712
1834
-241
3966
409
1678
2412
3830
3121
-4744
3389
4238
432
-3683
2916
1726
-1146
1157
-3373
-1445
172
2997
-986
-604
-2311
2439
-1354
-1516
176
3252
2850
4166
-4440
962
-1862
-781
3533
3022
417
4785
1125
-2956
-2498
2828
310
-2958
-4175
2180
-2197
-3224
-3262
-652
-3890
-4590
-4151
1919
4563
-621
-685
-3772
-4887
4519
3077
-2528
-1748
-1212
1085
4499
2848
-3995
1075
-2949
-1350
-4687
1901
2652
-479
3000
1487
-3251
-3739
4324
-480
1706
-1989
681
790
-3542
-771
-2143
-498
795
-1437
-706
841
-184
-1179
4146
-881
3382
1460
-784
4499
-1002
3098
-2431
4533
-2862
-2500
4934
-1906
-3121
-1383
-1348
1327
-1046
1591
2399
-4432
4495
4704
-1006
228
235
4049
2739
-4511
352
1692
271
201
290
-435
2913
2261
4889
-746
-2912
-885
3594
4701
799
-2121
-1862
2725
-694
-1395
249
2790
-4660
-1929
-3264
-4531
-4161
-4266
-900
-1599
4349
2131
-4388
-1575
337
-3178
2162
-1169
3199
4546
-4567
-3141
2773
1064
-1346
-2549
3478
-274
4943
112
-4986
2073
-4854
-2082
-2921
133
3144
2318
3366
2982
-3804
962
1058
1529
-4078
1349
4439
4055
-3836
838
3436
-3751
-2244
-2710
-953
-571
-3828
-2689
2774
1399
-20
-203
1171
-4103
175
-4535
-1549
-4237
1690
2383
174
-4417
-1549
2057
894
-2796
1270
-2452
-1194
603
1724
4193
-4221
-3750
-506
-2980
3854
1634
-4450
942
-2728
-3768
2562
3687
4173
-3157
-2446
-428
-4645
2956
-644
-2783
-2469
-175
-1055
-2411
-261
-1233
-1219
-1587
-1946
2945
2321
-931
4831
4038
195
-3070
4586
-2208
-265
-1816
2763
2079
611
-4092
36
-3158
584
-3778
2803
-3742
-2633
-4012
154
1475
-2414
4961
-4728
506
4360
2570
1253
2685
-1300
-2702
3482
-4310
909
-2938
2188
3410
-931
-2599
2563
-2357
-2440
3361
-1692
-3167
-3147
-1206
-4516
4187
4503
-3166
4262
4355
-2715
-4368
3691
4896
-1447
-2146
-3056
-3487
-3968
3307
2981
2860
-4729
-1648
-2749
581
2952
-3296
4825
-833
1868
-819
-1972
-1887
-2860
3136
1190
-4136
3821
-2066
1860
439
-2506
-1358
3054
4940
-3538
-1073
1602
1728
-886
-203
3154
4034
-3864
-1846
-2647
-2325
2158
1294
-2137
-1110
2827
4019
1680
2690
3207
311
-3853
-845
2134
2617
-4336
-2064
-3157
1577
4092
3073
2867
-114
1610
1258
1701
4787
-1762
-1964
2018
-4279
-1916
1342
4200
-868
-4611
3221
-2580
-1210
-1322
512
-3496
-1680
3772
-4321
4910
2416
-4193
1745
-2650
-3017
-1411
735
-985
2181
2994
-3270
-4301
1128
-3140
-3608
391
544
561
3877
3391
4802
4224
2305
-1484
2752
2480
2368
-4506
301
4306
985
-3822
3171
3254
2088
-1712
-3425
2808
1839
4885
450
-1881
-1143
2338
2765
-3022
163
4899
-4314
-1983
-1391
-4301
274
-2812
5000
-2210
598
-150
676
2925
-1398
4251
-2418
766
-2889
-4873
1105
3277
-366
-2669
-1308
-1966
812
4547
-1242
2948
-568
-2910
2240
-4635
1997
-4146
-4978
1501
791
2852
2290
1241
-2754
-1039
-2797
4507
1211
2199
1423
-1670
2528
-2900
-2343
-3186
4636
2556
-2735
-4737
1596
1998
3095
-1474
4458
-857
-4203
2032
1914
-4872
4726
872
4224
-3905
2911
-633
4859
-2490
4286
3618
4797
-1412
2267
-1523
719
758
-958
666
-4067
2536
4154
-913
3681
2253
-193
-3526
-645
-4098
-3855
4678
-4861
-3813
-1373
1698
-2618
3363
1092
-2665
-4206
671
750
2448
2193
1766
-2769
603
-1739
-3572
-1305
3232
4183
315
2865
3150
58
-4378
3439
1485
3024
4151
2723
3382
-662
-3384
-4897
-4167
-3483
-367
1334
-3477
4628
-4104
2734
-3823
-1951
636
910
-1676
4545
5000
-474
-747
1233
4907
3380
3203
-3809
4628
-2905
-3771
2521
-707
425
2766
1627
-76
1504
-2713
-557
-3319
-3568
-3152
-4387
-3135
-3645
2748
2492
-4521
-984
2064
-3798
-1021
2504
1549
-4906
-215
-2874
595
-611
-4077
3051
3424
-32
-4101
4763
-2155
138
-3735
2921
-783
-4767
-4418
1376
-137
-4394
3205
-3400
-1310
-2618
3148
-4299
-4759
2262
2227
1481
2797
-270
-4502
776
4437
-4881
-1915
-4067
-2806
-3736
3133
2831
1882
-2649
-3852
-2839
2680
4679
2742
875
3450
-1337
1186
2286
619
-1054
-3857
4657
1655
-1657
456
3141
2718
-4684
-3912
-1537
-2141
4059
4974
1688
-3576
3929
-3385
-4620
-4615
-2977
-3505
1500
2626
2486
-3423
4670
4658
1547
321
2610
1835
-988
-3763
-332
4448
2177
1640
4727
2132
-4226
-50
-3066
3074
-3166
3388
4680
-942
2370
107
-4451
3682
4265
-2868
-902
-558
1426