144
-1531
1131
-1048
-4378
-4644
-892
3712
-2479
-909
4181
-4102
-314
-2427
-1022
-4512
-4144
-2971
-774
-4162
2585
-2094
-1951
-3637
-106
-1556
1680
4953
2851
-3385
4800
-4332
3310
-2735
-62
-3264
-4457
-1128
1972
1589
-3018
2285
-1905
383
4660
-1507
-4786
-1854
-2055
3400
277
3676
3003
2027
2845
1363
383
3703
-1485
2139
-404
-3286
585
2324
-3204
697
-2281
3345
-482
3858
2329
-1690
-1513
3636
1153
-1359
-3357
2068
-4455
-342
1328
644
4639
-465
-3550
-310
-1735
-3827
125
1688
2467
-2505
-1945
-1917
-4646
3212
-3936
-2286
4298
-1157
-3733
-1763
1414
4818
4743
-1102
4513
-3109
-2371
1448
1798
-1488
2670
-2888
-1043
-1102
-2704
485
-651
-4173
-3235
-1151
2452
-4967
2017
-2683
1555
122
3023
-4837
3007
-2028
-1907
-2970
3602
1957
459
-2767
-2409
-453
815
623
2974
35
374
2885
4582
-4645
-4495
3157
3396
3132
-3998
-2063
4761
2033
353
3064
-1803
564
-2815
-4294
1043
-4019
967
2814
-2444
-1414
-2925
-4453
4086
737
-4701
-4126
2042
4408
839
-3637
445
4120
-3710
2516
1329
3793
3185
1941
1050
-381
1033
2769
3216
-393
2383
750
-2452
-808
871
1466
1548
2128
3313
-4810
-3720
1202
3000
2731
-2505
4528
3582
-2323
-1528
2081
-3208
-4503
2491
-114
-1315
503
-4877
3935
-3371
-205
-4746
-3776
3792
4827
3594
1505
2768
-4196
-2546
-3086
3504
-1500
-4654
-354
-135
1325
2116
-542
3341
3644
-4488
-1171
-3082
1199
2126
579
4753
1494
3378
1190
244
3155
1596
-2902
4741
-292
1987
-1551
-134
4720
4355
-2349
2832
3262
2901
238
-4295
1427
-541
-3256
569
4579
781
-942
746
3651
4184
-753
1050
682
1255
-4004
3472
-2501
4177
-1401
20
3712
4274
-1644
2065
1129
-1879
2976
-3294
704
3295
-865
4049
-672
-2053
-4771
2408
-3444
992
3588
-2153
2937
1927
2516
-401
1749
-3274
-4007
-4219
3716
20
-3210
-3859
3285
-736
4043
-1360
-255
-888
118
1787
835
-791
3731
-184
-3811
-1733
-3293
1926
3309
-4394
446
-1741
-1273
491
2367
-3400
3347
470
-1000
-267
1677
-197
4511
-1496
-3062
4897
-3283
656
2652
237
1912
1495
1488
-146
1738
-3955
-4214
4053
2372
-666
4556
2920
1393
-1187
-4533
-2466
3418
-722
2937
2456
-4047
2550
1315
-2976
4431
2222
4487
-161
118
1994
-2653
-2790
1095
628
783
1529
-2409
2792
2800
3475
3694
3152
-57
2690
2926
4179
-1060
28
-4533
-2385
731
4568
-3258
-777
4113
1028
63
4227
3176
2643
3035
1221
-1829
-4520
-1162
3235
3945
-772
-4282
4216
1638
-559
-2300
529
3260
4606
2453
-807
-1971
3110
-597
-1307
475
-258
1894
-4324
3459
-1588
4838
-4142
-2108
1870
-4149
3295
3757
1484
-2993
-1664
-2229
-4295
575
-4652
533
539
-2516
-4622
4831
4080
-3846
-3677
-4564
-2641
-826
-4290
815
-1144
-313
942
-831
3120
3177
-2151
1623
-2420
-3469
-3109
-2610
2937
-4224
1219
-2487
-1330
-1855
-2945
-529
-1832
1832
-2653
-1529
-1621
760
-4855
2874
-3167
-2245
1136
3068
-4989
-693
-2943
-1890
1194
-1860
-2242
2865
3074
-4111
3980
-2283
-3323
-842
4481
-1723
4280
2280
2223
-838
3093
4697
-4575
457
134
1051
1126
-4082
3827
-1889
420
-885
2722
-3276
-4441
2906
-2107
1369
3084
1853
-897
824
-139
3575
4185
-4905
1943
-1806
-2164
-4088
2136
2664
-4081
3966
3093
2426
-2219
3235
-632
1899
-2736
-4034
2095
2497
-4212
1333
2444
-265
-3383
-2457
-4479
3208
230
2357
-1505
-4922
3962
2237
789
-1044
-348
-4994
2896
630
458
-849
1227
517
-1214
-4093
-724
4481
4807
1200
775
2138
4929
-4489
2496
-3837
-1873
2392
1038
-4211
-3548
-4577
-2036
2504
3242
-755
-354
3859
-479
4242
3237
-2446
-4078
-692
122
-298
1943
-4447
611
2677
-724
4907
-4864
-1311
2406
-2297
1709
-3525
-4583
-250
-4342
-3105
-2172
4566
-2400
-1223
-3331
-870
4570
-964
3079
-2705
843
-2077
1467
-1941
-2479
-465
-3747
1
1868
-3687
-2867
3059
-1329
1230
-1950
-725
-3255
76
2414
4001
-2730
-1568
2789
-1997
1395
1189
2843
3035
1812
4537
2838
-2266
1690
634
-361
-983
99
4831
4751
268
-423
-3276
-4732
450
771
3067
155
-4245
1254
-2293
-3653
4412
-2391
-3797
-3751
-1236
477
-400
3404
3415
2017
2146
-4934
1908
2100
-884
1567
4232
4615
-2566
-3107
4369
-4157
-300
2377
-3344
-1430
-1053
-2466
4774
-1695
4168
-3171
-2282
-2455
-1163
668
2448
787
3217
-4498
-4516
-965
-4421
222
1211
-2882
4656
3936
2
4616
3260
2508
4977
-534
4689
-1774
-1460
-640
3118
16
-64
3169
-2462
-994
3249
2639
3623
4994
-3832
-2690
-248
-202
2093
856
-3288
1255
2143
3245
1849
-4383
-2760
764
1652
2888
-3749
-2636
1618
1600
3200
-4180
-852
1168
-844
-530
-4162
4288
3455
3487
867
2224
-3873
-57
4613
1901
4385
1213
531
-4882
1653
-595
-3579
-2877
1706
-2817
-2062
906
-4022
-3899
-1498
3207
-920
4687
333
-3499
-1724
-4074
-2829
206
-1138
2115
-275
2988
203
1749
-1868
-425
3365
1106
1516
-529
-3154
-169
-1374
4077
-2197
-3503
-3984
-172
3219
3315
-126
1017
-4166
647
-3116
3600
3200
-3036
-1442
-2871
2425
2986
597
-1578
3438
166
-596
-1533
-1069
-2533
4757
2953
1522
88
2925
1435
-3849
4913
3431
2196
2241
2457
4894
106
-4906
2627
-360
1820
-545
-4594
-2229
3886
3521
-1031
2421
207
-2510
4618
-4168
-3351
1311
-4684
-2751
-4661
4134
-2866
4932
1228
1739
2971
-2238
-3444
347
-3399
-1391
1753
-1894
522
-4729
-972
-3348
-795
-4861
4597
2281
4297
-1899
4246
-3036
829
3632
-1215
-1233
-3835
1547
-1989
2939
1584
2590
1464
-3271
-4006
4012
-1990
-699
1735
3903
-4417
-4675
-4002
-1098
4438
2274
4978
1910
-3516
3289
-1118
-4290
2386
2527
-2786
-919
853
-3648
-2759
-1693
-4343
4163
-3197
-4428
1851
1393
960
1870
-3093
533
-2074
2838
-4428
-1979
-4728
-1537
-2249
-1812
288
-4565
-4685
-2560
-4070
-1075
-1585
2119
-1709
-719
-4805
240