2018
-994
-4011
-3824
-656
2120
-905
-4093
131
-2905
-3898
-4314
-3017
3187
1234
-3809
4364
339
-4302
3147
-1320
3315
-521
1576
-3803
135
-1668
-1470
-1679
-1268
4315
-2762
1123
-4588
-1520
-3939
2409
405
766
2415
-2068
238
2620
1070
-1015
-4244
4061
-3746
-74
3532
-581
-4521
2509
1658
-3835
-1926
-1345
-4671
1778
-3641
2285
4807
-3743
-3599
-3348
-2466
-1925
539
4160
1102
-3321
-2848
3665
-1188
-3068
-2769
3613
-2900
-2600
-1644
4421
288
1684
-1504
-2787
533
3330
2193
-3118
-3218
3982
-827
2009
-4426
-1431
-117
2907
2719
-4578
-659
-2763
-3720
3308
3819
446
-3262
3561
-1408
-1582
2120
3587
-449
-1430
4632
1186
3771
-850
638
-4514
4753
-2129
-3435
-1377
2264
-3980
4088
-1367
-410
-3670
2900
-2102
-1563
-156
111
-2395
4265
-957
2229
4820
-4524
-1610
1282
-1049
166
-767
3477
4376
-3179
-870
1687
-4202
1131
2830
3187
-346
3096
3984
3968
-4775
-327
2196
2335
2787
-3788
4963
1163
2035
2650
-404
-4955
4096
4544
3360
-363
4203
1707
-2143
3470
2535
-4746
1508
-3372
3337
2109
-408
2656
-1775
136
2934
3683
4607
4985
-3496
-1810
4149
-3047
-4899
855
-649
-2723
1953
1127
65
1970
3499
-1069
2182
4181
-1720
-1270
-2932
-1851
-4691
-3308
-1945
-604
-3685
-923
240
1862
-3570
-3304
-4918
-1591
4360
2009
-1836
-1306
-2946
2886
-835
633
-1139
-23
-1345
1225
1042
1733
-3508
3644
4255
4613
1000
2644
-165
-297
-4947
-2104
2522
3362
3744
590
-2064
-3975
1463
-193
2301
-4004
4828
-4986
-2663
604
4841
-4154
-4587
3318
-1698
-3248
1219
-2648
4986
-3227
3502
-1141
-4891
3204
-765
4871
909
2335
-582
2596
-2793
4790
-205
564
2980
-3408
-803
3865
-4424
2864
660
-251
904
3552
-4561
3518
3928
3201
-2792
106
3031
3537
2276
4836
-776
1215
1024
18
2793
-714
4281
-1289
478
-1788
118
-3821
4098
-864
2710
2381
3903
293
-191
-4550
4383
2056
1557
1974
4988
3556
1694
494
553
-815
303
-776
2210
2794
-4987
4969
-1801
4128
3600
2158
-4697
-3507
-2983
-1332
-559
1335
-2119
-3395
-2923
-2947
4948
-1225
1519
2673
-4633
3127
1279
-3081
802
3790
4457
-4388
-4322
3822
985
2006
2945
4825
-3226
-34
-4119
-2951
-1367
-664
2094
-4313
-3838
3388
1204
-3865
-4149
1238
-3076
1437
3355
-714
573
176
-1325
4967
2912
281
-4729
-2291
-1726
948
-577
-4818
-676
-72
3471
-1863
-1915
4876
4004
-1942
2523
2047
-1979
3689
-4756
811
657
-49
2291
4366
-4204
4845
-4729
-410
64
-2891
2263
4427
1327
-2615
1382
4953
4455
-3202
1776
4241
4140
608
1684
-1780
-1501
-1571
4475
2106
-1420
2135
2755
-4926
1860
1029
2307
-819
334
4563
3148
-4584
3325
2412
495
875
-194
-1294
2024
2461
-2551
-931
3813
2104
-210
4045
3336
-3121
-46
-2183
-1704
1834
-560
4809
3938
-10
924
4001
-4909
3186
-2967
1829
2004
1823
174
4594
2952
4907
2951
2224
-4585
-1442
-2281
-2380
-4100
314
-259
4966
-3451
-2895
-1383
-4070
-1541
-1634
-4441
-3905
2525
4677
3835
-2125
2526
4305
3478
-1457
-4517
-14
1704
-4491
3038
-3427
4951
1531
4647
-4677
4483
3921
-3514
3190
-2166
3644
-2839
343
1369
-1636
1789
3490
-3934
883
4222
-243
1946
3293
-1657
457
1811
-1930
4223
-822
-1845
-3956
3770
-1258
487
4688
2046
1643
-3935
-4114
-2405
2651
445
2807
-62
3715
-1018
-3466
-4889
1076
4973
3112
-3297
-140
-1712
1713
42
-3024
2483
-528
-505
-2342
-4375
2100
-3336
590
-1369
-1037
-2881
2575
3798
3754
4109
-1083
-4308
-4170
3688
-4687
-251
1764
476
3334
702
-2494
3411
319
4918
-494
-261
1638
-4420
-1140
-3147
3970
1509
-1783
4140
3529
-3810
2879
1063
-3447
-3471
-1654
4064
-2353
4819
-996
2930
-4715
-1571
1457
-4079
-1955
4131
-1154
2784
-4233
1571
-2928
3813
783
-217
-2920
796
1686
1438
3306
-3892
-2073
-2865
4492
-4625
693
-2250
1446
-4461
819
-2424
2371
-2760
-4184
-3207
2113
2282
3108
-198
1156
-735
-4488
-996
3731
24
2772
-1614
1954
-594
-2001
3994
-122
4130
-4495
-557
3259
-2882
-1766
4771
-4713
1210
2166
4092
-3105
2471
4177
393
3589
-987
2369
2250
3643
-1262
2233
4319
-632
-4562
-4833
4027
-2844
2487
-611
3835
-2097
2073
-1363
2080
4528
-1784
-4826
4478
231
2558
-4862
-2550
691
2202
-1696
3840
54
2590
-4842
632
3849
3689
4395
2970
-2154
-3819
4087
1090
3060
1878
-4555
-3547
-4796
-1969
-1449
3408
-158
-2586
4797
-2543
-24
4445
-1955
2454
-4359
-1126
2670
-1623
2961
-2664
1105
1042
2177
-2229
-657
-3937
2926
-1787
1501
2852
1272
1488
-358
-4799
424
3922
1391
2951
-3868
4113
-4726
-2040
-4430
4644
-2847
-3801
-2634
-4563
-389
846
1425
-3531
363
4307
4913
3836
-4254
-4973
3362
4705
915
4779
-957
3052
-3480
1286
-4785
-3726
-4293
-4552
-1453
-3406
1558
-2925
2528
-1056
2953
3271
4767
3820
-4431
2212
-3613
-3511
-3130
-3186
1813
-4353
1134
32
2515
-1946
857
4471
-2249
2776
-1434
-2871
-4179
2971
-2370
42
2973
3196
3202
-1457
1092
-3030
-1154
2652
-1812
186
982
-112
-665
-3064
4080
-4079
-1871
4511
1171
2481
3087
4844
-887
4761
2983
3758
-2241
359
973
-4129
407
-4578
3153
4499
-742
-3925
-723
2276
-1985
-4905
4561
-4880
2505
-2748
1663
-918
-931
1742
3858
-767
82
-2546
2485
2064
-1085
3669
4406
-2771
2928
1410
-677
-3852
4452
1597
2637
-2288
2309
4868
2186
433
497
3837
-1678
4969
-2016
-513
285
1539
3984
-555
4822
384
1927
4096
-3585
4320
1057
4303
-1856
3493
1773
1490
-1910
-1365
2842
426
4857
-2996
-400
-2517
-3160
1072
-3775
-3471
4170
-2707
-837
-4542
-4663
-204
-1473
2662
-882
794
-4836
4914
2180
-4968
1983
-572
-945
-2733
-1985
-1292
-598
3953
-81
-1206
-326
727
3804
2514
2763
-924
-2930
-457
2779
-4344
-3092
-484
4530
-3036
3654
-4226
-3785
4499
957
3559
-4831
1483
-716
1962
-839