-3101
3923
-1635
-3674
-402
-649
4525
4049
-2278
3277
-4569
-843
164
-4188
-1099
-2349
2410
789
4744
4675
1503
-2248
773
4750
522
-33
55
2561
2946
-1668
2902
-4933
-1247
4267
1853
-4217
-4136
-4533
3386
-1696
-4642
4843
-1060
478
-1191
-2335
2922
445
-4680
-37
3451
-3418
4862
1649
2570
-1640
2839
-1254
3642
3293
-3362
-704
2023
2738
106
-971
3855
-711
-925
-972
-529
-4594
-4453
2476
-1027
-4460
2294
3857
3442
2510
1220
-2582
-1158
-3251
-2200
1609
1754
-1700
-3056
-4777
2818
1755
-2111
-625
-1867
-4255
3274
1123
-691
4857
1012
-3371
-3474
508
1927
673
2598
-3511
3566
-1426
-4898
1638
2772
4389
191
1101
4842
-1718
2993
-2928
585
424
739
-4363
-986
-121
-3331
-1775
635
-362
3317
-764
1150
-4821
-2825
-546
-1070
81
347
-4688
-3755
-4648
3606
-573
495
3904
3978
-3576
-2005
881
-4514
3232
-45
1235
4980
4163
3961
-1956
-4897
3755
2849
-3803
-63
-795
-1922
-2801
1522
-721
-777
3615
-818
-396
-4586
4386
-129
1260
2346
-2876
536
4884
-2968
-555
-1458
4009
-2161
3056
630
4756
4300
1383
167
-1771
4778
-1725
-3275
-4263
3641
-3163
4379
-4026
-2567
-3682
4651
4645
-4310
-3909
-1126
-37
3779
267
919
1276
-1096
-3035
-3415
-3042
-1651
1132
4038
-3293
4846
-2355
-2247
-3501
-1554
-1905
3459
39
-4884
-602
-3726
-2278
1040
3779
-947
-3849
-605
4169
4114
-2961
-4176
3940
4668
-2500
3554
3491
-3128
-3167
1202
-2858
-4172
4539
3372
-1351
-246
1109
4229
461
3395
948
-753
1681
-4291
2847
-1216
-4662
698
1054
2801
-3191
-3045
-3301
-3597
3313
2273
-1981
1023
2577
-3001
2944
3362
-2360
-319
-4879
3914
-344
-3929
-4318
512
-3525
1402
1347
3667
-4689
3214
-3255
-4687
-54
3960
-2381
-4019
-1363
-1821
2072
1238
-928
-2809
2331
183
-785
470
-4005
-946
2749
3997
-4167
-564
-2303
2174
-4715
-4881
2026
3354
-2753
3814
-1514
-4802
341
3294
-171
500
-4947
1007
-2120
3101
3349
-4723
2089
-1047
-4025
1414
-4882
4869
480
-3974
4833
2273
-1438
-2588
-155
-1942
-577
-4926
-3034
4448
-821
4711
-4281
703
-4677
-174
1111
-1565
-1543
2507
-573
798
-4467
-3463
2610
-4930
2027
456
879
-874
110
-3693
-2365
403
3613
3849
3860
-4901
3138
2263
-2753
3638
-2632
863
-4211
769
-2803
-1052
-4116
1411
-1432
-3776
563
-4749
2591
2203
4450
2382
-4737
-2515
283
1391
4516
-1111
298
77
-648
-1118
2734
-16
2153
2555
4322
-3893
11
1420
1726
-298
2611
4968
3396
4680
-288
-2250
-668
-2678
-3778
-297
-2516
-4185
529
1441
4321
-3479
1911
556
636
2188
-3006
4728
-180
4317
-4851
-345
1849
1551
-3084
4122
4678
-3243
4312
-955
3265
2310
2450
-3400
135
45
-2018
2982
1422
109
-4593
-530
4060
-4711
-3663
-1642
4849
2661
-3010
2499
2599
-3054
-790
147
-3568
-648
2680
4785
-2764
4517
-4923
-3653
-3148
1036
-3910
-4335
-2686
-2505
-1818
1340
-4689
520
-2773
1350
-2853
-4078
-2969
-3275
-2403
-119
-1464
2902
4234
4160
1784
4237
-1549
3959
-3146
2081
4765
-2577
-1737
4576
2559
4934
-873
-2702
3391
244
1509
4179
1963
1391
23
1260
-2847
4330
63
1911
1
4228
4596
815
2769
-4249
4662
-4257
-580
3593
-1285
2079
4436
-4536
4932
-2110
-3207
2373
-2996
3646
-3347
-3609
-3643
-1388
-917
-2840
2909
3752
-555
1311
-3836
-947
2552
-2377
-544
4519
559
-4628
-2711
4111
-2579
-1863
3537
-3615
-3748
-4277
-3557
-1871
-4577
-1235
-2778
1702
1269
1985
312
1073
-3134
-373
2117
1866
-4868
3230
1098
-2480
3512
3593
1911
-1193
4526
-1819
3093
4190
-1950
-2835
-2471
-1175
-3381
-102
2202
-757
-3669
3960
-4571
3848
-4350
2232
849
-1019
2991
-924
4076
-4859
-1165
-2886
-3796
-3700
4341
1753
599
-421
3471
2845
1841
1058
-2305
-4614
2268
-361
570
-169
4960
716
-1408
1958
4189
-359
-3207
-859
-2705
3965
-1486
-1595
3166
-948
-1196
-2981
-1883
-1822
3243
269
-2515
-1894
1656
2049
244
-3192
-4478
-2612
-3186
-3903
1336
-587
-2130
4544
-2786
-2903
2029
-4549
4448
-4459
4015
-27
2166
4563
-4429
759
-304
3591
2845
-1964
2291
-1705
-4708
-3912
-4047
2460
-1309
2362
-3375
-1452
4391
-1213
2332
-769
4778
-1525
3250
1203
-957
2662
-4707
-4247
7
3807
-3565
4235
2246
1376
-716
2498
249
-735
2536
-3090
2115
3684
2832
-1034
-3105
-4052
-858
-4593
-3041
-4050
427
-4
-4474
-161
-1040
418
-1648
1998
2792
-850
4512
-1145
1181
786
2204
-1435
-907
-1026
-3266
-1097
-3521
-3494
4132
2389
951
-2151
4841
-1744
1538
2207
734
1302
1909
-1681
2227
2900
-4874
2105
-1533
1128
3458
3889
135
1268
-931
1956
4850
2868
2694
2952
-4709
4815
-4550
2316
-3715
-815
-313
4944
1509
4757
-4676
-3401
2032
-524
-236
2052
3014
-2811
3749
-4435
-3339
3224
-260
-261
3915
-3487
2975
4995
919
2124
-1868
-3359
-4839
3076
-2948
-2638
381
2396
3559
560
-3408
-4723
1337
2732
3206
-1881
-3661
-1862
4128
-579
-89
-1571
-3088
-515
-4798
-1934
-2876
-1581
636
-1488
622
3927
1956
678
-4040
-3309
2406
-1497
-2288
3204
-784
4097
2852
-1930
-1858
-3313
-3929
1735
2822
30
3925
-3592
-1329
-408
3600
-3729
-669
2693
4601
-3069
-1711
2051
-1243
-4196
-3453
-2204
89
-4789
-1546
3129
-4573
-3009
-3660
3128
3568
4719
4497
-4289
-485
-588
3919
-813
-2430
4881
2060
2765
-3292
927
-273
4269
3694
587
2952
-4693
3407
1456
-3996
-267
-2192
-375
1623
-1508
-4028
-4953
959
-1958
-2004
2208
-1512
886
-258
1419
-1502
1243
2360
1319
4447
-4518
-3159
-3860
4717
-4284
4639
-3091
4551
-1602
1345
-2662
1783
622
1798
-1476
-2622
-2849
4226
-1013
276
-4398
155
-748
-816
-4701
-1802
2715
-1465
-3787
-3358
-4912
2204
4383
1468
-1218
-395
-2606
-3006
21
2642
-3967
-688
1000
-2690
1398
2007
-4260
4178
-3600
-4738
-2094
-87
3590
3391
-4313
-139
4232
-4422
-180
2974
-3954
-816