-4973
-4043
1668
1880
-3406
-4025
-1615
-1763
-3842
-3980
3447
4576
4594
501
-3754
3547
3685
3375
-1701
-4161
2898
1961
-4664
-1313
3387
2392
1894
490
-2526
-2675
218
-826
-1534
4771
942
-2355
-2848
-1320
3049
-4723
3344
2575
2194
1618
2304
-4413
-4535
-3676
-2145
1914
2684
2761
-3773
-3199
4354
-4703
-3620
1348
4143
-4185
1517
1095
4811
-270
1234
-1084
1819
545
-3851
1869
2200
-1342
-4724
-569
-2884
3752
3540
-4090
4993
846
-63
2499
1890
-1860
-1230
-2205
-2006
526
1558
3874
3807
4052
1271
-4723
-311
-2556
-4242
-1447
-2819
-2550
-3380
-2347
-1024
-2395
967
-4849
-4289
1548
-1572
-4196
-4
1279
2363
-4159
-2070
4937
531
-1912
-2390
3485
-1531
3335
170
2688
2657
-1831
969
-4261
3315
-3837
-1004
4506
-1215
1307
1217
-3165
1493
386
3955
-4941
2704
4113
2661
-4408
2095
-4578
1449
2292
-1620
-548
-115
-4264
-1665
831
3845
-3436
1540
3406
3653
-540
4548
-4904
-339
-3534
3706
429
4547
-2592
2348
-4223
-4423
-3384
4980
973
-4807
-1473
-2920
198
2561
3387
3008
-851
89
1909
906
-3533
-1321
1382
-3486
-3829
271
-1765
2409
-3485
-3118
3221
4149
4772
1453
2261
3381
-2247
-4195
-4945
-2280
2611
2268
1442
-935
-1107
134
4072
-2885
4758
-513
-2247
601
-4670
3380
-608
1912
428
-1170
1592
-3195
-4105
4861
2035
1656
-602
1894
4973
1718
2108
-4033
-4056
4053
-824
-3379
933
2968
-100
-1912
-2729
3273
-2892
-2363
2777
4345
3886
4807
-1312
-3713
-3058
-2800
-1424
-2951
-953
1687
-283
-4087
-803
-4498
-4179
-611
4866
-3728
-4672
-1586
4852
-867
4560
-2338
-1625
-4317
-2946
-3414
-2138
-2429
-768
-1131
-4074
1881
4988
-3681
2819
-3856
408
4453
2989
3193
-1688
626
-3888
-4151
1324
1020
-2021
2630
-3703
2024
-2672
1
640
1328
4449
2863
-900
4863
2382
-3710
-3764
2048
-2297
-3136
4232
-400
1450
3906
-25
-2129
2942
-4640
-1129
-3250
986
-4575
174
4043
-2681
-256
2551
-4011
-1749
3663
-641
-4741
-3846
1938
3310
-1796
1306
-4521
4627
3782
-4344
3023
-912
1253
-1852
-932
-428
-1647
1577
425
1779
-1925
-357
3423
2241
-2343
2181
-1555
2678
2518
-363
4561
-4340
-972
-4177
-1757
704
-3688
3158
-69
-6
3920
3615
-3200
-254
792
4807
-3602
2905
7
795
-1624
2234
3984
-700
-4548
-962
1498
-2598
3460
-2489
2942
604
3880
1891
3558
4876
-2529
1442
1611
-2210
-4297
-1972
3149
1635
-3090
3997
-3584
2702
689
3587
-1619
-4406
4197
-1056
647
105
4798
-962
-128
2067
-4975
-4419
-2775
1139
4541
-2788
1213
589
-2789
1063
-3242
-1815
-2534
-928
87
4768
4379
1333
-306
-4290
-4223
1010
-1341
-4587
639
-242
-2120
2856
3361
4245
-3176
2847
-2038
1917
4218
4594
-842
-2602
3597
-3385
4860
-1116
-1470
-4876
1728
-2631
-4138
2651
3703
-1172
1944
4008
4068
2007
4321
-2671
83
3673
1095
-3584
-4814
4706
-4996
2073
-2667
136
1000
2057
-1082
1460
-2049
2861
-4067
4297
724
1698
-1878
2683
-4422
-3125
1934
2369
2579
3835
3436
2457
-2549
-4486
2767
4385
-2125
-1673
-3459
-2392
4264
-2140
-2225
4543
-586
4304
-4502
3546
-4149
-1247
89
707
4980
-2726
1833
-200
-4861
-1581
1267
30
4625
-2657
379
-3455
423
-27
-2798
-2120
2672
-1750
-111
2322
3226
1595
2293
610
-1462
-47
-519
1411
4340
-4565
-4816
2810
-3904
-1355
-4106
3894
-4663
1314
-3369
2194
2215
-169
1778
631
-370
-4443
4291
-2400
-2672
1647
3984
2958
-2538
3939
2818
3847
-4357
-1743
-3284
-4809
4721
-2526
-2782
-4719
-2725
4356
3056
-3633
367
-4472
965
4499
4796
-1137
-1279
4049
-458
-3796
-2996
-284
858
-1156
2351
-1479
-576
2406
1878
-4658
1140
-4521
817
-3005
-4087
2681
-4951
3132
462
3860
4075
1458
-1956
-4838
-2050
-2050
-3512
369
1769
4980
-3379
1251
-4123
-4744
-3017
2969
733
1732
-2046
450
-541
-1837
-1500
-2280
-3349
4066
2038
-4151
544
2288
-3042
-1942
528
4689
-803
-1441
-1349
-387
460
3495
-3644
-1618
1978
464
2298
-2463
1784
2380
-2153
-2993
4195
-3890
2146
-4770
-4317
3537
-916
3273
1315
207
3990
-1306
-3078
-2596
49
1404
-3665
4433
-3448
-4125
-4549
-1397
-959
57
46
3799
1960
1586
1424
-4340
2088
-777
3053
-852
2116
-4703
535
-3583
-3692
-2568
-435
932
934
-2063
-206
4943
3264
2729
4311
-465
-558
-396
2919
-854
2468
4470
4585
1395
-2595
1452
176
830
-4315
1335
-3575
3788
-3923
-563
-2577
-3639
-1765
-4485
4081
-222
2696
938
-4285
-1593
-2372
-3292
-2482
4811
2381
-358
2990
1325
2325
-1446
4793
1520
3926
1184
2267
2787
-1426
-464
3430
4069
200
-1003
-3612
-164
-2355
-1536
3323
-3542
3011
-1301
3030
-4868
3787
2455
3264
249
-80
-4755
-1231
-2555
-4884
1157
1485
-4514
-1081
-3595
2776
-2791
-4582
-2285
792
-4579
-3582
-1655
2485
-2607
2802
210
621
3588
-2074
3644
1860
-2442
2177
-4671
3770
-2978
172
265
-1194
2029
-296
-4523
-4030
1463
-1551
-4482
-165
1718
345
-2344
2600
-1973
2509
-443
-430
4109
-4240
3113
-4589
-4682
783
-4499
2209
-185
-1830
1395
3901
-3966
1122
480
861
3784
-2035
-2319
3936
-4516
1809
1194
2651
-3356
-363
-151
-2877
-2099
1721
4335
-1440
-4654
-1923
-4034
-2930
3093
4410
4204
-1369
3555
-1001
-2367
-2798
-281
-2059
4872
-4782
4669
1564
-4659
-3412
-4179
-1260
-4947
-1297
-2443
-4825
-2562
-1809
-1911
4275
-1647
239
-3346
-3570
1176
-4035
2563
-1729
-3545
2618
1516
-4459
3979
2499
3381
-1733
1136
99
-1418
420
-4412
-1987
-3451
-4485
-1810
2501
-343
4508
-1949
3311
-3440
4804
-4050
-2160
3573
-608
844
4818
2867
-3287
-3887
1721
383
-4413
4639
-3387
-822
-2572
-4638
-4593
-3831
218
1243
-1639
2227
101
-3403
-178
3101
-1665
-2373
-1504
185
4831
2364
-3794
648
-2427
2194
-1054
-292
1956
-4073
1696
-3549
2808
-4995
2042
-4140
4714
-2886
-3232
1862
-1455
2418
3894
2838
3575
-2068
1513
1865
-4806
-3897