-1795
-1675
4858
1503
156
-265
-100
-3318
-1263
798
3949
-3668
-1545
3855
4365
3144
4081
4563
-2499
-1336
1856
2150
-2329
-3333
901
-2762
750
2732
4801
2543
-742
1034
3017
-1748
1691
795
3387
-4644
-417
957
1422
-4803
740
4209
4063
-4645
2836
-1314
-4972
3378
4322
182
-135
-3995
2192
2210
-2916
455
-4288
2899
-2011
-3063
3571
-4400
-2219
328
-701
4319
-1516
4108
-4641
-3160
1950
1763
735
-3965
-2322
4893
-2959
1055
1021
3980
-612
4209
2575
-3789
-2517
-1389
-3811
-2477
-4179
3531
1485
2473
2606
-3426
3818
-2869
4831
3881
-3834
2659
1037
4568
4657
2538
758
4830
3573
-2926
316
2640
-1234
-1498
2334
-1592
-537
1539
-2740
-3259
1092
-1272
-4228
92
-1881
28
3505
2611
-3595
1207
3659
6
3962
3398
2742
-4307
-3768
3731
2765
1926
3391
-465
-4022
-4064
-876
2579
2794
1973
2335
-3352
2566
2096
2274
-4368
1271
2356
-3692
2843
1422
1395
4508
-4999
4190
3543
-2562
3635
-2533
-4307
-4459
-2445
-1934
-237
2665
2737
2483
318
-3867
4494
-1844
-3737
928
4890
1362
509
794
1170
-2908
2049
-1796
-4049
-1822
-4358
-2576
-3781
1157
-4835
-4753
-157
678
1180
2786
3298
1399
1808
2023
846
-4906
-338
1277
-2141
-836
219
-593
4444
1170
4254
587
-85
-3766
3002
205
661
-305
-3904
-3271
-2360
-4494
3680
2922
3892
2071
-3441
-4058
1207
-2707
2075
2414
-4249
1817
248
684
1390
-1657
-1477
-4253
-1319
160
3378
-736
1398
-1509
-2763
96
258
-2813
4405
-433
3915
-4498
-1614
-3509
-1127
-4450
-2572
-2228
2425
2690
2994
3792
-4014
2535
4602
-3751
-3324
-834
2507
3818
3525
4573
-4447
-3890
3191
-2164
-1614
-3064
3772
-415
-299
1391
2860
-249
-4451
-3217
614
4722
734
-4956
2941
-3134
4600
419
3535
2084
3651
3295
-4735
2107
-3412
3160
-4859
4170
3295
3038
22
-67
4183
-3215
3715
-3776
-2194
2197
2524
1686
-1323
-4286
-904
-1311
4264
2429
1751
385
3870
-1240
-3302
-3758
-3906
2876
-3694
1169
2510
-1009
2685
1648
3929
-4341
4895
2503
-4075
-3424
1823
1866
-1247
3588
-871
4902
1732
2248
-1525
-487
-2989
2927
124
1563
-2718
-1436
-2592
1679
-827
-4619
-745
-3271
-3878
-4171
3664
289
-1652
2298
785
3929
3434
-1740
-4235
4593
1368
3083
2384
4261
4866
-4060
-2927
2171
-2190
-3883
4055
-2119
-2897
4351
2313
-3250
-1051
-1281
-2696
-2941
-671
-3858
-3229
4025
-4633
-3449
-1260
3478
267
4791
-3924
-541
-2555
4687
-3823
480
3953
136
-449
4292
698
719
-126
2449
-3567
3527
-4383
-1203
-1817
2143
-1216
-2194
155
-1146
-852
4447
-2296
625
-3891
-3448
1305
-262
-324
-256
-2298
4999
3296
372
3915
80
486
3026
-1256
-561
-4358
-3104
4088
2400
2839
-4584
3264
-3151
-2090
-2115
2035
-3657
4571
4398
-1301
-2650
3041
-2847
13
4680
-4250
1076
3465
-2901
1989
4383
-3715
330
4510
-651
-3480
4169
-3791
3804
1009
-1122
4397
4431
2853
1744
-1623
4568
-2686
138
-1484
-4040
3963
4061
-3788
-4555
-2530
3153
-833
3920
4610
-2788
1388
4412
-4081
-298
4920
4896
826
4586
-4111
1352
-4480
-415
1459
4618
2136
-393
1376
2584
-4438
445
2090
3947
-2140
-3574
-460
-2643
-4181
644
4570
-639
4810
2153
3785
112
-672
-4669
-4220
-4509
3279
2915
-2373
3532
-4852
-4228
3454
63
3258
289
-1321
-2667
-2844
1195
-1907
-1988
4455
507
4642
-1983
-1355
-661
-2881
2131
883
45
-785
-2393
1713
1701
-4252
4151
1226
-4048
4968
-892
214
1591
169
-4252
-163
-1105
3632
-4508
-2822
3075
-4823
1824
-571
-1337
2776
-1284
-4940
4162
3660
3540
4068
862
4954
3173
4676
-573
-2772
-2225
1212
-745
-2339
2752
-4425
3866
-3132
431
4146
3963
349
1847
494
-3357
0
4306
-1097
-2106
-1509
-25
4468
1686
-2827
-4357
-1064
2271
-1468
308
207
-4873
2454
-1424
4710
4960
595
-2996
-972
4845
949
-2615
-1183
-3770
4785
-2462
4814
4812
4699
1286
2346
-2854
3987
-927
4356
2401
3508
1977
218
859
2442
-3492
302
-3258
-4030
-1544
1377
-3676
4103
2694
-2619
-1167
-2119
-3564
4202
2547
-583
-4684
2374
2161
1881
-2156
-4197
-1278
1147
3879
3969
1410
-941
3539
-1985
-3912
-2765
1999
3054
3198
3746
4209
1930
-329
-3554
1273
1597
-423
-2443
3393
-1262
-4737
390
-1623
-4993
2797
4823
796
16
293
-2298
-2242
-1944
-3151
3870
4764
-3405
281
2290
4476
-2004
3931
2525
-1051
635
-2089
-4276
-1741
1967
1950
4914
-4714
2213
-3232
1034
1055
4606
-2718
4639
-158
-3742
3861
-4342
-3633
-296
1927
-930
-1605
1051
2572
147
-3522
1343
-1079
2891
-3637
-1761
-2489
1067
3830
-1338
250
1031
2935
344
-3338
-2720
624
-619
131
4554
-4954
2337
-1504
1927
-4893
503
1939
-718
-4143
-259
-880
4748
-4089
-4076
-613
-458
4506
4041
4394
-670
-4302
1619
2392
4525
2341
2780
4918
-1556
-3333
-2931
2498
1134
1268
2478
-261
2581
-455
1577
2994
3061
-2279
-260
4845
-4933
3995
-2870
-2306
2574
-118
-173
1205
-2476
-3291
455
2611
4351
990
4213
2346
-973
2980
1019
641
-3400
-2798
-3641
4210
3239
-1326
1998
-4382
-3558
2475
-2765
1697
791
3724
-3167
2265
658
64
1002
-3816
-46
-3593
3562
4857
-1324
-616
-3265
4218
2469
3045
-99
3508
-4263
943
-4260
474
3508
-229
1315
-4477
-2243
334
347
1469
2285
3021
3836
1774
4670
1222
1608
4196
2474
2461
1041
-1302
4515
659
-90
1668
3159
2215
62
-4191
4307
-2612
-521
4221
-2554
-3449
-929
-226
-3210
-245
525
4018
-598
612
2567
870
1296
4438
2661
-4843
2064
-4849
-3276
-2046
1219
3368
3302
-3759
16
-723
-2381
2417
-1448
4844
-1552
2469
460
-4196
1036
3594
-1166
4520
3455
-3519
-260
-554
-3753
700
4885
1437
-4414
-3875
-115
3983
-3250
325
4404
4317
3220
-2652
-4794
-1539
-700
102
1073
-3419
1638
-1050
-2540
2440
57
-2929
-1777
2754
-2881
-4558
717
2558
3019
1303
-1417
2392
-4039