-4092
-4748
218
-3957
4961
1896
947
-1960
-1600
3869
-2755
-4407
-4516
387
-246
4741
-1934
1571
2494
-1882
-2311
-1393
3926
4652
1567
-3123
3071
-1115
2874
-4293
-1855
3769
4624
-3067
-909
-1051
-4852
553
4356
-722
-244
2713
110
-2827
4824
4635
-3885
-4471
4785
-2495
-159
4794
-649
2401
2474
-2948
3244
-3104
-1225
2718
916
3941
4625
-2241
1749
4041
4046
-4015
-1892
-1004
-740
-3676
3756
2437
-3953
-4921
4972
109
-1566
-1594
3649
3000
1867
3278
-1579
-1193
-1303
-238
-789
1602
4181
60
1596
590
4014
683
2637
4865
-1701
-2165
-2180
-1857
-2073
-3873
1614
739
-4708
-4651
1380
-4254
288
-2424
2671
2161
-408
-4369
-1824
-704
570
1268
1885
4251
-2624
-2876
-1819
2021
577
661
3385
2056
1717
512
2659
-3706
2404
-1823
498
-2349
4512
-171
-3908
3674
-2821
3781
-3379
763
-1228
1982
-3196
449
2151
-4117
4248
-4638
4589
3128
2149
3189
-2881
4153
-2133
4863
-4011
164
-505
2304
-781
-3827
3809
4002
163
-3334
-4535
1948
-2374
2049
4212
438
4276
1827
-3685
231
26
-1503
2082
2442
-3277
-2971
602
2202
-224
212
-3487
-2462
2094
-1498
-3756
-3457
3855
1567
216
-2602
-1499
-783
-838
324
-1505
4932
-2624
-3931
-4653
-1736
3877
-3560
-1458
729
-1917
-1579
1509
4586
3738
-2353
-94
-202
525
-643
3584
3558
3751
-3283
233
-6
4928
2303
2714
-3783
-3858
2317
1496
3372
-27
-1008
-2799
-4359
2015
446
937
-1035
-4419
-700
3245
-3944
-4845
-3992
-761
2313
1554
-4704
-1582
543
2192
558
3663
3901
81
-2473
3667
3720
-2664
-3143
-140
639
-4368
-4779
4190
-3335
3890
-2056
3350
3842
-4639
-4279
4539
4546
-3864
-3133
-1880
3417
4335
-1766
122
2136
-1294
-3044
-144
2571
-1981
1805
2124
1930
482
-2383
1097
-4116
-440
-2618
4347
-242
-2171
3975
3650
3695
-2965
-4357
-4911
-2701
3635
-595
1940
3345
-456
4090
-4436
2012
1484
3111
56
-4648
1676
4964
1900
1547
1599
-1074
-621
862
-629
3730
3009
-3524
-4281
-1255
-1916
-3857
3443
1975
-278
1520
-3273
1125
-552
-2238
-4641
-2121
-173
1200
3320
-3623
2115
-4977
2877
1973
3606
-3973
669
3090
2433
4475
-4007
-4970
-1473
-1220
4642
-3463
3234
774
-2818
-349
1584
125
-1853
-4949
752
2739
2093
-3894
4704
3017
-939
-1215
2225
4344
-2152
2434
-3128
-4174
2115
-1520
-4950
2441
4334
1093
-584
3015
-4322
-268
-3559
-2660
4080
4865
-4058
-891
1673
3700
-4302
4860
-4640
2327
1987
3927
1823
-2139
-272
1593
42
-2089
4285
3802
2395
-4850
-2070
-2249
-589
4477
-3207
1667
-2703
1778
-895
-1822
4450
-2391
384
1545
-4553
-3654
1428
-4728
-3929
-2048
4548
-543
-1154
-2918
-49
2660
2849
3970
-2212
-627
2428
-1861
-485
633
1415
-3733
-1146
-4951
-2985
-4142
1282
4394
-4735
-1038
4058
-667
-1725
2310
1199
-1535
-633
4824
-4001
2188
1897
1675
2675
2315
-2289
4426
600
3925
-3409
3534
1698
-2179
1062
3758
3421
-630
-4832
342
3531
-361
-2185
1567
2562
4394
4813
-1689
727
2243
-425
-3408
-1995
4774
-3671
4060
3012
-82
-2050
-2500
-1560
-4964
-1704
810
500
-1017
-2935
-2143
2647
4650
1790
-1501
-1440
4250
3526
4869
3529
4565
-274
2069
-3588
-3358
-3316
3763
-3747
777
3178
-2548
341
333
2600
-1480
3689
-2659
2154
2693
2095
4680
-3021
3504
-2010
4619
-616
-4229
-3980
-3490
823
1955
3379
1168
1134
4273
2641
4912
2733
2348
2260
4795
-1945
1479
-1926
1189
-1316
-4569
-2065
385
-94
2945
1451
587
-4690
-602
-2907
-181
4438
-1900
2312
-1346
-2084
-3854
-2082
-1597
4489
3025
-608
-1541
-3451
-1334
-2381
-3100
3635
1292
3375
3946
-4192
158
2994
4232
-175
4484
2726
-4574
-3832
-2175
3454
-1496
-834
2326
-1047
-3460
-2983
-4146
544
-4888
4369
-1754
3710
-961
-2584
-3461
-502
87
-4188
-4496
-1282
-1836
-1099
2043
1715
988
-4800
-1667
-1135
-3347
-3585
1012
812
-4789
3471
4421
-518
-2305
3709
420
3360
-2557
-799
2513
3385
-4578
2279
2332
-18
1240
-4426
-4172
2730
3127
-2450
-3734
-4020
-373
-1693
-3687
-496
2721
2543
4783
-1723
-4385
-4863
2981
1825
1283
4055
2587
-1429
1883
2699
-1483
-656
-2302
2408
4587
-1798
4034
-3643
1083
-4564
1057
4067
4030
-699
3010
-4965
3194
-4560
2912
-862
1061
835
-451
1635
-1278
-3471
-2255
4404
1664
3974
-671
-906
4227
1217
-4771
1192
-3315
-4861
3530
4748
656
-2512
-4825
435
-3950
4018
-4855
-17
-472
893
3788
1588
2030
-1162
-3564
1993
-812
331
1068
-3099
4724
2887
1673
4849
-810
2291
2254
1444
4800
-3324
1836
-4575
3977
908
-2590
-1704
-1219
-1180
-1305
3038
-597
2518
-1121
-4203
195
3958
730
-3558
-2342
-2698
-2779
275
4445
3423
4492
4136
4086
4351
4163
4953
708
-1806
3273
2022
-4401
-2946
3491
2223
-3929
-613
4369
1483
2210
-1956
-677
-261
3708
-2158
-190
1159
106
-3632
3877
-3401
220
-4082
-1438
-4210
4802
-4589
676
-2906
-1087
-1219
-3973
1405
2018
-2865
620
-604
-2589
2703
-398
-248
-2396
2821
-1791
-1797
3480
2709
-3532
-3459
-4835
-534
-3181
2196
1378
4422
3560
-301
-3074
-3562
-2479
3398
-75
1615
-4245
-1118
-3744
833
-3515
4381
-2780
351
-4028
568
2995
-4102
3379
4563
1221
-100
-2637
322
-1765
-1708
-2468
-3452
-3341
3911
3821
-3200
3286
-1797
4908
3627
2901
-2743
4441
-4442
-3227
2696
-2199
4902
-4062
2847
8
-2731
-3241
4938
-3160
-4604
1593
4308
-1630
2024
2295
-1709
-2336
764
3910
-3613
-4663
4957
-2283
2126
3780
1206
-3692
-3375
-2331
2183
1777
-1795
-2337
1000
3355
417
388
-1333
1372
-666
-210
4628
-1517
3317
-4435
-2012
-1952
-1227
-2520
1729
-1421
-3402
2645
3153
168
-621
3009
-2931
165
-474
3668
3769
216
-2178
4076
-4038
3576
-3775
266
-713
-4792
-2505
4753
2951
-3686
1667
350
2794
1411
3203
622
2299
4226
2453
-671
-4316
921
-1065
3035
-3368
-3747
-1726
4852
745
1363
2489
-3069