-3351
-4383
4531
4802
545
-633
-3830
421
-910
2487
-4802
4169
2669
29
1916
-301
-795
2960
755
-1728
-4810
1863
3906
-2100
1216
1036
-744
-130
-4226
1571
4425
1772
-721
1677
3120
2479
807
615
-4390
1639
2475
-1727
3973
-2962
1254
1204
118
-1691
-2940
-1232
2267
-1485
-2682
1762
2386
3723
-4360
-1690
2088
-1634
3352
3531
-789
-4700
-1613
-484
2538
511
1275
1418
1949
1700
1167
-949
-4177
-4439
240
2148
1775
-60
571
4145
-4247
2139
-259
1087
-2786
1543
919
-3745
2535
-1864
-4388
-2960
1009
3902
4350
3235
-400
1459
706
2552
-3127
-3611
-3026
-545
3263
2504
3446
-3505
142
2828
3702
4457
-832
2439
-1417
-1224
-4655
-1646
-392
-810
2353
-1557
3198
2166
-747
-1077
4907
4919
135
381
3205
706
4271
4475
-3402
-518
-4159
-2746
-1583
2776
-1459
4436
2816
4704
-3819
2147
-3569
2355
1652
4123
559
-4583
2794
3058
-524
-1743
-2687
4326
824
-3734
-3893
-763
2939
2579
-80
-3539
3870
-475
2806
-1913
1225
-2504
-655
4245
484
1888
2484
-4267
1315
-1569
475
-3040
-3238
-1101
1195
-4982
3092
-3484
-2116
3016
-1365
2781
-1776
105
3731
4493
4116
-2152
-3433
4293
-3578
199
1722
356
829
3836
-4777
-1087
1565
75
-4406
4974
443
1302
-2993
-123
-3788
-356
-1382
-4853
3069
-637
3035
-3986
-548
-4476
3153
-2340
980
2040
-1258
-2719
730
-3902
-1144
4744
1627
-280
-3322
4030
-71
1090
-3790
2692
2786
4594
-4276
2559
-3848
-3268
4029
3478
2049
-4717
4908
2770
-2888
-3931
-4259
303
4600
313
3946
3380
320
2946
1830
4489
838
-2176
-2873
4139
3160
-1507
-3852
-3105
4976
-1490
264
3051
-4585
-1309
-3343
-4971
-3838
4929
-4410
-2942
-3500
-79
2716
-3613
3033
-876
1413
-2521
-1980
1536
-453
-1441
-3043
-2885
-477
-2163
-3289
-4046
1133
-2728
-22
114
-177
-2016
-2076
-406
2123
-1009
3276
3551
359
1177
3614
148
-2466
1221
-1597
-3953
4286
3818
-1112
-1224
-3216
2440
-2598
4844
2019
-1886
-1875
-532
-68
-4375
-969
-2778
-4422
-2016
-1605
4096
-1069
3497
-4852
-4669
-4164
4244
-2177
3259
-154
2768
2891
3872
3275
-808
-153
-2018
-4999
3632
1822
2893
202
-1149
-4580
4738
3731
3113
3399
-1694
3108
2850
2219
-4674
-1996
1143
-217
-4544
-3432
-4226
376
2469
2507
2717
4865
4779
2965
-3699
-3786
-2701
4592
4342
-3313
3585
-1178
-4358
-633
-1857
-570
-4655
-4704
-1690
-2214
-3054
-1185
1940
4106
1270
3282
630
-2027
-619
1465
-3003
-294
-3895
-3559
1409
1145
-2477
-4334
-2798
3147
160
73
-4992
2461
-4109
3749
4107
-1795
-1341
4956
333
1689
-4949
-634
1703
-417
2845
-1007
1201
725
-3480
-1118
3218
2088
530
-1455
3893
685
2060
3977
4724
-3976
-2182
-3090
3013
4316
-3606
2622
4739
4212
-2791
1284
-2560
-3590
2050
-111
-3570
-3852
-4556
-979
-1215
2281
-1529
-4147
-3662
32
-1981
3445
-2265
2532
-3427
-2923
-42
-3228
-856
1599
4452
3996
-3719
-3461
4498
3606
-4341
-4738
-4005
32
3478
2391
-161
4323
1101
-4717
-4382
-60
4184
-1935
-643
3439
2287
1361
2618
-1400
-2689
811
1340
1918
-2870
-475
-4509
-1220
1917
-512
2173
-1989
-126
4971
-544
-137
1071
-798
-280
-3540
2072
-4055
4281
-381
4134
-3984
-1297
-233
-1302
4388
-2783
1707
-887
-475
2401
-689
2860
4332
1727
-1680
763
-51
166
-1959
-1583
-918
4103
3618
3818
-1129
4112
-3007
2181
4057
4882
1677
-3919
1958
-3586
80
3264
2980
-3820
-1266
-4929
-3221
4182
467
-3649
-1529
-3540
-3686
-2962
-2657
1034
4608
34
3993
-4123
27
-2480
-3724
-306
-1825
805
-2669
994
-3993
2986
-1481
-4769
-198
-3518
3090
4309
-1178
-3664
-1317
808
1293
-4462
4602
-1179
-1864
1509
1929
-3307
4895
1848
4477
-3797
-1850
-4270
-2175
3714
-4995
-4773
2144
-1231
-4472
-2004
4640
-4632
4484
3700
325
3099
3197
-2391
-1102
-1984
-3930
-247
-842
-1628
-3793
-2088
-2358
-908
3667
4788
158
4880
-4656
751
-1220
-1562
3682
4661
-3248
2698
2085
3515
276
-273
3318
-4200
1514
-2137
-2246
-4658
2335
4959
-2996
1593
4482
3706
1416
4992
137
3332
-4557
-4249
-2817
-4116
-3536
3931
-3304
-3427
4570
-3989
3309
4178
-2130
10
1490
-1593
3912
3014
-2879
-4701
2556
-2887
-4659
-3599
3237
3099
1284
542
2486
3310
1780
-4968
-4926
-4195
1477
4779
-1700
1121
1356
3477
-2894
-1497
-3707
195
2940
-2772
2507
653
-2071
3467
2402
3928
1858
-2927
-4433
4494
1082
3577
3541
372
443
782
4241
-141
735
-1321
3414
4590
4507
-556
-2501
3518
-2156
3205
2630
2560
2870
-998
3366
3966
-405
-2011
-518
-4190
-594
1012
809
-3928
-986
-4626
-3313
-2869
1603
1864
3266
-3153
1384
-2917
2433
-1986
-4937
2575
4680
2271
-1809
3957
4377
2141
966
3620
-4549
-496
3378
-4172
259
-1482
2285
-4121
-1639
3883
-4767
145
-1035
2088
3605
4764
734
-1882
2291
-695
3406
572
-2800
4705
-1378
-4138
4716
-3663
1056
-1314
-511
-3174
-4009
-3134
-3017
2543
-4839
-3125
-2399
1410
-3487
3020
-2814
-3260
2218
-2291
-913
3202
2781
1713
-1802
-4843
2340
2603
3264
-427
3686
-445
4541
-1984
-3261
2740
3592
4340
857
4513
3355
-3034
4809
83
2134
4287
-4162
-1601
3463
3382
-4498
-2528
-2860
-3372
-2010
2725
-4737
1320
-1039
1592
-3169
2140
514
1216
1560
4922
-204
2186
1878
-2424
-2885
3498
-2159
2717
1078
4660
-4108
-3962
3566
4900
2333
-4265
986
301
-2130
4157
-3491
-3261
-224
-622
-968
2794
-3526
4707
3483
-2139
1122
1238
-3474
2560
-4959
-2075
-3013
347
-4790
4828
3993
1607
-1003
-3618
4963
2631
4284
1917
4004
3096
-1575
-2171
-1350
-173
4588
-2809
3810
-4822
-4726
4517
-3474
-2766
-4963
-2749
944
-3169
-4324
1901
-49
-789
755
1705
-586
-475
1129
-899
-2756
739
2304
757
-3487
3867
-362
1530
4013
-2158
1440
-3003
1896
850
2694
3289
4940
655
-448
3597
-216
-2008
-4614
-1074
54
-4971
3914
-4689
3233
2846