-13
789
-1062
-2020
2863
-4070
-736
3080
-2313
4862
-2625
3402
4423
-3755
-2399
-2402
-3681
-4063
-4737
1235
1598
3231
2664
-3201
-1012
-2476
-2785
1122
-1705
758
863
-4793
-3613
577
-4667
-4988
248
289
-3766
-4880
4205
-3667
3008
-856
3076
-1227
743
4529
-698
4779
-1739
1739
1965
327
1917
-2436
2615
-2738
-1524
173
1477
-3100
1689
-4940
2763
4367
-2930
19
1856
1121
-3275
-3306
1784
-4410
2932
3103
1542
-592
3558
3544
4007
2808
-4050
-3930
4477
-2035
1145
-3964
454
1988
-3558
-1917
969
4373
3774
4878
-2375
-3788
-3490
-2182
-1136
591
-2782
-3972
1102
4417
2529
-3511
-2966
-12
4593
979
-394
2220
-2790
1501
650
2347
-4505
4029
-328
-2635
4756
4555
-3206
-2125
-4817
2387
4058
-2494
-4444
1536
1255
2364
-2215
1766
-4931
2126
-2301
1071
1156
-4715
-913
-2786
-3865
-1372
1186
-756
-59
4490
-3045
305
1787
-2848
3374
4962
3809
-2169
-2404
4259
-3590
2457
-1140
661
-701
-2132
-1135
4455
2288
-2106
-1198
4078
-2820
897
1329
4649
-4404
4092
3279
2858
-4693
2782
-1672
2817
1667
-4291
3361
578
850
4208
-161
3313
2237
2870
1573
3690
-2241
2710
-1918
4091
3247
-487
-1556
1887
-1116
-4165
4628
-3724
-2783
-4215
-1002
4328
2503
1192
-4704
3764
-4379
2061
2239
-1267
-3332
-1796
4901
-3744
-4687
1840
444
1253
4603
-3458
-2053
-1641
3197
1916
3130
-3094
4640
2034
-3659
-4885
4495
3431
-1995
-4986
2438
2930
-1639
-1001
213
-4929
4907
-4031
1332
-341
2043
2135
-204
2931
-3376
-151
-890
2517
3806
3659
2232
-3058
-4389
-2139
4458
-3551
3950
-1360
-2764
-1584
-182
-891
4539
595
-1939
2697
-4980
-360
3456
-20
4135
1617
3285
-920
4063
4073
438
-23
1287
-839
-1542
-654
-189
-3933
3426
2203
-3324
-3137
-2496
4830
-2399
-1327
3490
875
-1747
3954
3995
-1502
-3441
-182
4201
2340
3944
-101
-2981
55
-1979
-600
2847
-1470
2806
-1415
-2666
-1169
1987
-944
3355
-222
-868
-2035
3264
-2582
-1806
-2196
3974
-3158
4464
1695
-1261
-3825
2358
2568
141
-2409
-1705
446
2950
2030
-1299
4356
-511
-2942
2011
1456
2116
3825
4354
-1864
2657
-3759
-3612
1862
4518
3700
-363
-440
65
-3913
-1489
-1407
2166
-331
-206
-2741
-867
7
-2596
3413
4997
-2364
-882
-2217
-4591
1974
4660
-840
-1712
-4373
3362
-3254
-2826
3194
-4313
824
289
4810
-1086
-2548
1963
-2225
-3173
-3251
3982
4478
2847
-1613
3783
3390
2498
4527
-3341
1435
1808
1459
-3820
960
3916
-1989
-3977
4750
4885
-1473
3803
-711
-559
-10
-2180
1144
-3084
-1255
222
907
8
4332
4387
-1157
-3838
-2226
4232
-2136
-3010
-1896
-2612
-4530
-298
637
1329
2556
260
3403
-366
3240
-4316
4750
-3381
1675
-614
1022
-2620
-2832
-2689
-1268
-3396
-4165
-3208
3703
186
2448
-2406
3418
-355
3395
-2827
855
-2071
-285
554
4044
-2265
2962
-4721
-430
-1211
-3499
2779
-3461
-1616
-690
1670
3621
-4893
3618
198
2458
-4314
1018
-2111
-11
720
4491
-3812
-1044
-3251
-864
2639
1674
4114
2438
1908
-3835
1018
-1521
4790
4490
-2501
-376
2583
4669
-4037
-2487
-3003
3672
-1226
-4147
-2399
4271
-2973
-1985
1182
2285
2681
-1805
427
1861
-2881
-1173
-4281
2151
-1610
-3739
2834
-3295
-4893
3317
-3586
-2785
-92
844
2070
3257
-52
4214
617
1443
3526
-2476
-784
-3133
-1904
-2526
4405
-1810
3535
3372
-4100
2187
-2825
3548
-1998
2495
27
1107
1116
3886
639
453
-816
1793
3737
783
1223
4736
2943
3617
-4688
4656
-3934
2117
-410
4203
1064
-3501
-3863
-3217
3109
715
-3243
2025
-1439
4990
-4407
-674
-3692
-561
-2529
1926
1573
3667
-2556
-4490
-2365
3280
-2196
4786
536
-4871
-4520
1857
-1108
4127
1603
-2290
1256
-447
4382
2762
-1319
4088
-1542
1226
3805
-4884
1015
1088
725
55
-2613
-1925
3259
1081
489
82
899
-2226
714
3433
4156
-957
4770
895
4866
2687
4861
4181
-2308
4025
4984
-4597
1993
612
-1260
-4143
-1642
679
1712
-2603
4032
3092
-3222
-2031
3619
-1490
1061
2909
4420
1454
2251
-4270
-647
2215
-2600
952
786
-4044
4681
785
-4714
4748
-1512
-1355
-4554
4104
-4767
3434
-2186
1803
-3273
-1794
1979
2784
1582
1769
3317
2900
4156
3083
1360
-386
4817
-2116
684
1079
-2964
4186
3379
3193
-4383
-1470
4848
1187
-1905
1070
-873
2123
-177
-56
4132
-1697
-4303
399
-3809
2177
2968
4527
978
-794
-1976
-4752
4043
4126
-1669
-2345
-135
4085
-1312
1543
-1785
2637
574
-4293
4010
4881
4753
2570
4817
547
81
2706
2981
682
-791
2356
-1945
27
-3010
4082
1468
-4836
4072
721
901
-1136
4950
3551
-4380
4066
1062
2513
1218
2367
-1922
-932
668
-136
2340
-4571
-4935
-337
-4400
-3090
2256
-2136
-3962
-2530
-3940
4749
186
-4631
2769
-3632
-678
-2347
3121
-1346
-378
-4134
2919
-4203
4426
-484
-2105
4346
-46
-1562
-1199
-3705
-867
28
1112
432
2206
-4315
2936
2007
-1014
4351
2966
2614
-3353
-2926
3717
-259
1253
-842
3796
-2492
229
2241
4829
3421
3308
1787
-2854
-1860
1110
4656
3329
-2975
4851
4620
433
-771
-2675
-4355
527
298
4633
-3045
-4806
4153
394
-3152
-2491
-919
-3476
-1162
3103
1404
263
4738
-237
1733
4935
3419
4946
-343
-1996
-3296
1806
-1076
198
1814
1951
-4832
-2757
-3567
319
-2740
-4350
-1333
2482
3445
2793
4745
-1571
-2954
3826
-3539
1444
-697
1540
2165
-3995
-2190
347
-48
-2048
2995
-3218
192
-3636
1395
597
1432
2959
3980
568
3036
421
4625
-2116
2241
684
-4547
-2514
-3957
-4849
-2892
4655
3524
-4375
320
2687
3183
-1947
3900
987
-2589
3768
42
-3878
1833
-1469
-4162
2506
-8
2074
3334
-3461
-4798
1290
-4964
-4021
3657
262
-4472
4852
2234
1402
-4620
1123
4928
-301
-3102
2244
-542
1601
-4804
-1727
1155
-3714
3607
1936
-3634
4143
-570
-1562
2517
-1452
853
-4090
1628
-2198
414
1867
1091
-434
-2534
-1273
-467
-4857
-1325
4566
-2289
2886
4063