-3831
-2187
-1863
-1563
2028
-4939
-4989
3034
3290
-3289
4299
-3828
-965
1655
5
-1454
-2031
-57
-1883
-4332
-4797
-408
-2235
2306
-1969
-575
114
-2375
-3913
2289
2845
119
-1836
230
4086
-2913
1971
2440
-2769
-81
-1483
-1404
-4570
-4666
1376
4076
-1814
-1763
-4035
-3687
-4822
3874
-4044
926
-2347
4148
-3880
-3125
-2160
-2889
638
-28
-3395
4497
-3097
3270
-1053
-565
-565
1132
-4713
-4209
2421
667
-4713
-4250
-1343
245
1631
1819
4109
-2529
3651
-3466
3323
-4008
-3562
45
1607
-2809
-47
2662
4930
-3668
-4247
1352
3904
4326
203
-2627
-903
-3352
-1695
-3160
1546
-2141
3879
1693
932
-3149
2601
2520
-1478
2749
668
-1906
4908
-3328
4178
834
1203
-3697
1300
3978
631
-3897
-3693
-2676
137
-3118
3328
3757
4564
455
112
547
-1434
1737
1048
-2581
-4654
-280
-3776
1408
-844
-973
-2098
-3362
-846
2538
1839
628
-3859
-2906
1277
-1526
892
247
3987
2836
-573
-3002
-4185
-4833
1574
2908
-4321
-1770
-3216
3037
-4896
-1438
3013
289
1809
2821
-4635
-1249
1321
386
2846
-4116
-4685
3961
-3701
4281
-959
-441
2264
-387
-305
4708
-4
-152
4578
-3746
-3016
-3430
2228
3906
3672
-4809
4403
-2329
-828
3058
-765
4967
-804
-439
-1305
4178
-1493
-3360
43
1913
3351
306
2021
1263
2109
-349
-3328
-3098
93
4010
313
-4206
868
-1556
2586
-169
-1398
2560
-542
1705
220
3137
-496
1208
-1292
1101
-1519
-3229
1599
-597
-859
-1254
1907
3223
-3441
-933
-73
-4423
-4435
-2055
3813
2249
1207
1190
-4896
4255
4504
4382
-654
3720
-3215
2530
4645
4444
-3468
-4085
2873
2398
4592
-4495
552
-2923
-1531
-4142
-580
-3603
4583
379
-3570
2639
1892
-3744
-2470
-1073
2482
-705
-150
1626
3471
3874
-497
4055
993
-1854
3406
4121
4408
672
-4857
4339
3153
611
-2341
446
-3662
4896
-44
-1054
-2895
-4064
4484
-3176
3902
-1077
-4225
3126
-2953
2983
413
2189
-2328
-1035
-1570
4147
-2289
-4568
-2865
392
552
664
38
-427
-1354
-1369
-1412
-121
-927
-702
-1708
-4428
-2604
4917
3558
-4079
2049
-3565
-1862
4418
-3053
2949
2220
1257
-2473
-3543
-2291
-413
1944
3360
1820
2984
2971
-2968
-22
-3577
-2369
17
-3304
-3645
-4290
1164
-478
883
1603
1128
-2109
-1048
1932
-1962
-3125
-299
871
1174
-4847
3437
-4561
1046
4281
4792
766
348
-1942
1563
1424
-1934
-3210
-774
-3929
-2048
1584
-4042
4596
4228
-2061
4929
2706
2755
-2992
-1869
4827
2444
-3271
-4257
-2379
3208
-2769
-3180
2811
-4874
-4185
3313
4742
-4707
1596
-3429
1946
624
3577
-554
-962
-3147
-115
2077
-1100
-2202
2955
-4900
4215
4403
17
1213
-3608
2458
-2774
2689
121
2257
3230
-1670
2155
-904
2119
634
-1898
2717
3464
-3071
-149
-1170
-314
297
4591
-2119
-4011
-4049
3728
-3406
-937
-2014
2639
-4659
-1638
1156
-200
-2232
-476
4371
-1839
2402
2010
-2801
-783
-4848
-4518
-2748
4382
1688
2492
-1794
837
-2487
3340
2191
-3120
2454
2310
1991
-3731
482
2474
-90
3525
-3681
3130
-1465
877
3096
4103
-4938
-1122
3100
-2210
235
-2984
-1598
137
-4441
-2242
-1630
-2223
-1099
2572
2493
-3480
4325
4904
-2692
-3412
3221
-4111
-984
787
-3850
-2558
4551
-678
-3530
2587
-1312
4442
3180
-1768
1413
708
3943
1121
3093
4457
445
2687
-3045
1839
-1723
403
-3126
-4017
4231
-219
3008
-3024
2777
-4249
-4936
1985
-2822
-2481
-3462
-2604
4773
4233
4684
-3997
-3389
-4765
-1433
3270
1190
-1382
-1689
536
-2878
2411
-1517
-4923
1146
-3063
2631
4033
-1050
3807
-4225
375
-1488
3339
803
-1756
-1048
-1646
-3590
-75
-995
-2962
1392
2050
-2632
3541
1910
-2092
-567
4513
-4978
-4573
3516
4894
-130
4622
517
3755
2915
3711
-2647
1446
-2467
2091
-20
120
-4556
3076
-375
-621
924
2375
-3411
-479
-714
-4025
-2500
-778
3292
-2508
1473
-987
1828
-4357
1517
2854
-4320
188
-3223
2734
-4536
1837
3035
-532
-3508
2860
-993
-2958
763
-2573
1926
2806
-1963
-1287
2059
-22
-4888
2394
-3159
-13
-2911
2832
2849
-1460
2119
-882
-1451
1829
4786
1989
-1848
-37
-1754
-1718
-2318
74
1772
-1887
2736
-2378
3675
4227
2029
3912
2199
-4877
4512
533
-463
384
2751
-3732
4471
3669
-4914
4951
-4608
1382
-4022
-3963
-1773
-343
159
-1659
4033
1398
4769
-1563
-1017
2770
-4928
-3956
2635
-4542
2088
1780
-1438
-3536
4718
2659
-3562
1996
2628
3565
2577
145
468
-4521
4444
849
4121
-2630
-1121
1758
1560
-2390
-587
1367
-2473
-290
1177
4309
-3722
-3475
4582
3316
-4412
2792
-3606
3928
1240
3267
-2415
1461
675
2295
3450
-1748
-818
-2628
-2250
952
-3888
-1179
2294
-3554
-3311
-4769
-1897
4769
2030
729
-1324
-951
4403
-3434
3009
4346
4245
4434
-4332
-2974
-4066
-1044
-3859
50
-2558
59
-2247
2439
3051
-1268
-4413
3286
1510
-1752
-3661
-17
-3786
1081
2075
-3612
1192
-3327
-253
2554
-351
3731
637
1489
4254
3048
972
3333
1487
-4476
-1864
607
-182
4057
832
-3669
-4641
-604
-1471
2636
1500
3928
667
2397
-1011
-2309
-1453
-4186
-885
-4760
1422
3542
3127
-277
-124
-3161
1033
-4964
3123
3972
2534
2000
-4974
2608
293
-4766
-2158
-4458
-3833
3104
3817
1134
1022
-2468
4570
-3357
-4294
1938
1673
4865
226
1430
-1010
-2220
593
-2379
-432
-3643
-721
1879
761
1189
1619
-2926
-4649
1086
-771
-2270
4288
-4442
-3059
2081
-4642
3991
2711
3705
3074
-4068
3534
-1655
-1278
-4747
-4429
959
-2110
-4157
769
-2289
-2084
-3243
4188
-37
3487
-4221
-3316
3845
-2637
2358
-4948
4742
2499
362
3244
-4362
-3405
-2370
-4745
4885
-4283
1436
-143
-989
-2689
-1454
-2531
-360
1745
561
-2184
-417
2067
-172
2722
4594
4815
-4235
4518
-4802
1345
-1088
2909
573
1035
766
-3171
-1643
1798
3186
389
-1570
-4222
-3441
591
1249
-1614
-447
-3230
2317
4444
-1242
-4086
1564
-1256
-4079
2371
460
-1107
-4346
1095
-3593
-4182
3445
3681
-97
2538
3946
-1664
-823
-2926