2307
-2888
-4175
-1581
3315
-2381
-4626
-2086
-2456
-1261
2035
-1599
4203
-3650
2860
3165
1386
1702
-3447
-4760
4568
-2593
-4808
-1403
118
-4946
-1972
2550
-2602
341
-3597
-2635
-2560
-4101
2428
1210
-605
2514
2619
-2304
3348
-1774
-4987
-1972
-2914
2626
-415
2464
-2963
4597
1501
1211
-3260
-1503
-4454
937
3511
-4898
2031
-3019
3478
1192
4540
2025
-339
-2117
1861
-4218
-2077
-1263
2363
4410
1813
-3135
4910
-211
1915
3678
4043
-1171
-1226
2774
3910
3022
2980
1659
3961
-2003
2520
-4190
-881
3472
4649
-2738
-88
4615
-1690
-4782
2931
3043
-2996
2918
4860
-466
2450
-4289
-1152
-2256
166
4430
-1336
3267
3956
-2144
76
-1883
2524
1921
3836
256
2759
4775
-3890
2984
3182
4803
-1779
1521
1974
1826
399
3155
-328
-1367
1149
4658
1029
3637
3028
4037
-3826
-3913
-3234
-3836
-4377
-4395
3118
4904
3926
-2311
-133
892
1267
4171
1859
97
2958
-296
882
-3975
481
4576
2899
4893
4834
-1607
-4044
-3161
4556
440
-4982
2045
-3865
-857
-426
-3427
-693
2526
-339
-4445
2899
2599
1428
497
-4796
-1349
-1217
-692
-1745
-903
1806
157
2487
-4174
3016
-3926
-3252
-1014
4535
-2582
-4155
1507
3057
-4546
-4650
-4092
-233
1832
-3550
-4075
-2667
-2008
2005
-2217
-3736
-2973
-1199
2596
-1582
1379
-4207
1118
1124
-3900
3443
-2659
1291
4671
2422
777
255
-3823
-1412
-101
1659
-2807
2299
4623
-1250
4829
-2783
4431
-4195
3853
2873
1620
-3276
3596
-1898
4121
1192
-777
4543
-602
250
1396
-1266
2489
865
-3456
871
-3261
868
-4340
-377
176
-3056
-1564
-2261
-3272
-822
-2229
-2876
4468
2984
-1502
-1493
-4432
4417
1467
-1719
3356
966
-476
2592
-3727
832
-707
-419
-4605
-3809
2676
-2756
-2783
-3964
-1287
-803
466
33
3014
-32
-2915
-4095
4637
449
-3624
247
3981
-2783
2255
-1144
3155
-710
-1903
-1135
4399
-1360
4712
-1457
-4844
2125
4043
-453
-865
3584
-3713
-2190
2683
-1557
2417
-5000
-4593
-3892
-2342
-2096
3747
-734
3500
4263
3083
-3367
-3424
5000
4878
-4293
4608
53
-347
83
4802
-4775
2284
780
-4354
202
-3675
937
-1394
-3353
-2864
205
3179
-1039
-2167
4979
-1562
2463
-3219
85
-2275
-3848
1953
-3145
-4754
1982
-2773
3742
-3506
-4111
4377
1273
-2345
-4693
-967
-4395
2058
701
-2690
2548
-664
2943
3183
-2982
3051
3659
3979
-2880
3764
4216
-1017
-146
1483
-4956
-4481
-2479
-1196
4521
470
-2041
3402
357
-755
4399
-866
2232
462
1526
-2692
-818
3818
2230
-1253
-1861
2528
-2974
3274
-4201
-306
-447
573
-791
3279
-1002
2701
-3937
4843
-2515
3487
282
-9
-2796
-3594
-2465
1930
2542
4455
-3334
-4563
962
2975
2200
4895
-4094
-2929
139
-896
2523
4021
-882
-4102
4592
1103
1740
-3158
-4633
4864
-3633
-4712
-1715
2115
-1565
2874
663
941
-1974
-4517
-3854
-2004
3549
-4621
2412
-3960
-5000
-3137
-2892
-4658
2790
-1669
-2134
1487
2676
1634
4895
-3180
-1288
-2836
-2710
371
-512
-4432
2818
2874
1881
2643
3595
1951
2816
783
2935
-2784
4407
-864
-232
1801
-3305
2002
-2886
1981
2531
2329
-3340
2888
-2282
-791
-2086
2687
3944
4199
2856
-3644
90
-4018
-4039
-542
2540
237
-3166
4353
1572
-1744
2335
-2648
-1323
-3771
-4044
12
4617
98
1459
-2258
4655
68
-2128
3639
-2500
3794
-3180
-4350
2122
-25
-2611
4446
1137
-1000
787
2140
1235
-4263
591
-517
-137
1316
1142
-2973
-3497
4013
-2446
-3034
1226
-2901
-2149
2327
1543
-4355
1839
1734
3685
-482
4947
-2279
1721
2968
1576
1531
-3982
-1273
-1270
2625
-1359
2008
-469
1644
3056
1491
1509
-2487
-4029
-664
3617
4635
-3658
1691
2068
-864
2915
-4538
-4436
-1461
-2726
2417
4909
-3017
-2836
-1032
-1451
-3766
4789
-4930
3744
2024
1698
-4595
3289
-3004
4680
1445
-3708
-2138
-571
1409
1514
164
1961
1756
-4719
-3035
-4833
-1724
-1973
-4610
-450
-1652
3783
4647
-2051
-1251
-3946
-3785
18
-1645
-1656
-1339
-2939
-2328
-1508
-477
2281
4353
1054
-3988
3435
-1462
-2751
-1460
-4698
-1244
3958
-4366
-2796
4370
4473
1264
-2451
4305
-3497
4802
3975
430
-1061
603
3989
787
951
-3895
2120
-3434
1866
-4964
499
-307
2280
4254
-3807
4848
1926
4239
2019
-4055
2634
-1982
3012
2300
-2079
-3258
831
-934
441
-267
3883
1042
655
-4030
-2574
4357
83
-2376
-1777
-3638
4968
3972
1377
329
-4120
1959
460
851
4728
-3975
8
-2251
-1917
4444
798
2924
-3761
1400
-243
4957
3625
-1689
-4243
4250
8
4532
4518
-145
2666
-2061
366
-4694
-2843
-2644
-1593
2826
-1147
2967
3597
-3391
3753
2807
-378
916
-205
-831
1742
-4753
4471
-2193
4987
3322
1180
4449
-4755
-1771
-1747
1096
-1877
4455
4952
4137
2620
4687
-4053
-490
4603
1228
-4020
-3817
-3498
-3926
728
-2948
-3621
383
-1764
-3320
2699
4643
1613
-1629
-3596
2195
-4451
3106
-925
842
-61
-907
-943
-3688
-4748
3899
2257
1639
-3264
-2702
-4554
4652
4504
304
3288
-4165
4772
4403
-1970
-4395
-4252
-2541
-1330
-4419
2976
-2128
-2972
1337
-3063
3090
-4514
-725
4276
2544
3713
-561
3473
-1520
-1545
1157
-895
3709
3480
1348
-4621
4458
-2408
-4626
2452
-4803
-1162
-2936
-3673
-2743
-124
2038
894
-1811
155
4486
-3173
1751
-1887
1043
-1020
-1264
3390
-105
-1678
2471
-2503
-2823
515
-4149
495
-3269
2098
3056
202
2983
2036
355
557
4721
-1583
-4920
-4393
-4802
4717
3909
4818
352
-4007
-1859
-742
2506
3707
-2711
759
2794
620
-4057
966
-2201
4566
3934
3586
3909
4632
-1720
-176
91
-1774
-4646
-3474
-3472
2438
-1976
-1370
-1348
-783
1617
-1080
-1760
3364
3566
-309
68
127
-2061
886
994
-4320
1542
-4803
784
621
4958
3175
3816
-2437
-4371
-4420
-122
-198
-3882
-609
-1120
-1093
3510
-4183
-2399
-2990
3283
4328
-4675
-1594
1728
1283
-2205
1536
4748
4177
4332
-2315
-2856
727
-2722
-2021
-12
68
251
4704
-2500
-1948
3274
-2318
1624
4000
2872
-4822
2022
-1316
420