-3878
220
1251
-1341
1280
-3920
2972
-614
-3527
-4326
1062
-4916
2955
3385
504
176
4319
-4983
338
-4213
-1805
-919
-1578
-2021
4105
-4854
-3027
722
-121
-4499
4286
478
-4227
-1930
-4392
2206
3444
128
2944
2964
3935
420
3222
-617
-1735
-3826
-509
-4270
-1772
-815
-3273
-2314
446
1005
-924
-3617
475
-3327
1467
1282
4950
-63
2365
4492
3113
3194
-4660
629
-4078
3400
131
2722
-4085
-1605
-1830
-101
1250
3956
4157
3356
-3045
3907
-1465
-2053
-2252
2900
-1939
2008
-1937
-2686
-925
1825
-2237
-2590
819
18
-2825
-560
1736
-3689
-3321
881
-4726
1680
3066
1248
3638
2335
-4011
2522
-1433
-4355
3342
2292
2854
1171
-3682
2122
-4793
-1957
1964
-1129
-4097
-1433
-4501
-4643
-244
-2365
-1519
-3719
-3873
-771
3366
-882
1934
3039
1720
2679
2374
1844
3268
-70
-1807
-2772
-3426
2340
-1645
4452
-1550
3023
1199
-3483
-2371
3958
-725
-3135
-2348
2100
-1245
-4040
-2859
2600
1297
-1047
-2197
-3810
-1791
-1743
-4213
-2704
-1098
-2537
-474
-4219
-4308
3306
3000
-2086
-2063
774
-2777
-2021
-233
3656
-3536
-2180
-6
4543
-4915
2337
4549
2643
2451
-2107
-2993
2391
2503
789
-733
-2843
-1067
1378
2748
-1967
-3155
-2462
-4617
-1477
3491
-3912
890
-1224
1718
4917
3914
4753
545
-1496
-4409
-892
-392
4225
-2558
-97
-1831
1786
2955
-849
4430
2783
-3627
3468
2588
3067
3450
-2860
-4499
-2986
3741
3229
-1712
4124
-185
-407
849
488
-381
894
-927
3008
1127
4800
-1534
1351
-4577
-2464
-4982
2626
-1947
-2191
-4169
2882
-1655
-3133
4002
-2579
2139
1314
-3652
-1967
4071
292
-517
-88
-1867
-3943
4513
1698
-2004
2484
-717
4403
4230
-1074
-4572
4925
-2068
4420
-4772
2
-1869
996
-1175
3287
-3034
-3948
-2677
-4906
-3518
-4544
601
-2020
1617
-3592
3769
-4347
-3147
-1160
-2749
-1516
-2507
-792
-3247
-1645
-3884
2177
2144
-4972
4177
3009
2745
-4182
-4450
4570
363
-110
-994
1785
-4788
795
-2556
1611
3145
2531
3938
-298
359
4366
-547
-3854
1530
2959
3791
3881
4913
-3976
3771
-279
1412
-98
3160
2100
4748
3949
-1654
2968
4863
-928
-1064
2163
-850
1710
992
1149
-4887
-1957
-1148
1712
-2531
-2974
-737
-4453
-3447
1586
-1094
595
3420
2181
-128
-1711
836
-1173
2097
4301
-4055
1551
-2277
-4475
-2109
-1374
2693
2726
-2203
3461
4299
-3874
3177
-1587
829
-2537
-3063
-1054
2571
830
1726
-1931
-894
3671
-167
1437
3057
430
4247
184
160
-604
-4130
2513
4743
-603
-2134
-4287
844
3528
-1047
4776
367
206
-3158
-4118
-2218
-4978
-983
-2361
2744
-3392
1478
-861
-4471
-1469
4629
-1496
-2954
2238
2895
2135
2639
-3431
2679
4933
701
-2129
2001
4379
-4559
2403
2540
2503
-1459
4583
-4037
3047
3124
-1386
-4677
4837
-3436
2158
3804
-164
-3600
-3776
-2631
-118
1202
-3361
1703
4056
-452
-4816
-2930
-4921
2132
-893
-3955
1787
-570
-4083
-3591
-3604
1064
4362
-1800
-1258
742
-3024
-4033
-564
2189
2343
3508
-3508
-946
791
-1552
2559
-241
3468
1271
1046
4874
1704
-898
1990
3121
-129
4766
238
-2384
967
-480
-1036
-2080
-1876
2033
-3426
3550
-760
3725
-2967
-811
3071
1214
-2348
-599
1980
-934
-265
-2969
-1768
-1017
-2175
2972
4744
1984
3885
-3623
3786
3871
1553
-4726
1716
-658
-4348
-3613
-854
197
-4845
-3720
-3211
3148
516
-4931
-1111
-2950
1181
-4139
-1921
-4337
4042
-499
-3597
2247
-2954
4690
2618
2145
-2957
1941
3303
729
1583
-2485
-1644
-4478
-1753
-1341
-3270
1749
-3841
-1640
4868
3941
-4548
-484
-1130
-1222
2649
3122
-2472
4625
-2970
2896
-1712
-4816
-4782
-3934
4061
-1323
1036
-955
3204
-4142
-3175
4321
4883
-541
1541
2449
-1124
3364
3995
-672
-412
-566
360
-755
-3311
-4237
55
-1030
4496
-1274
-4326
-1386
-4460
4484
2005
2938
2833
24
-2856
1516
-2428
-1844
-3918
675
-3621
-1387
4044
-3742
3188
1103
-3246
-3124
-1384
1994
-4341
1640
-4065
-1607
4961
2160
-4672
-949
247
4053
3813
-1990
2482
1430
134
-1263
913
-2037
-579
4178
-625
4452
4889
2666
2534
-380
-3384
1562
-1031
2420
-319
-3908
-4442
-4356
-3587
1108
2873
-3381
1398
1985
264
929
-1598
-3121
926
-1989
1945
-3274
-39
-3786
1698
2236
3366
-4570
-719
-3882
2383
1789
-3566
-2961
4298
3676
3314
4459
4821
61
-1841
-3582
49
4302
2199
-1596
-4182
-2734
4103
2658
-1296
3591
-1944
2207
-4763
-794
114
-4386
-4781
264
4815
1980
3539
-1576
-1211
-2605
2373
4674
1021
3687
-3878
-279
-3736
-888
2366
4141
1288
-4069
210
2224
14
3715
-3712
762
2686
-470
-4476
-2840
-3352
-297
116
-2004
-720
2101
560
-3751
-4854
-273
-1301
1668
-1635
227
3214
1504
-4013
336
1009
-4056
-421
-1513
-791
-2765
-4270
-2024
-3513
-899
1034
2335
3511
1759
-283
-4306
-3829
2462
2131
-2057
1830
-24
-4353
53
2733
-1386
292
-3229
3483
-2547
1301
-4
2699
475
-322
-932
2329
3989
3083
-4913
-397
2740
-2004
-15
-565
646
703
-976
2894
3326
3765
622
-3940
2671
3673
4167
-1524
-685
-395
521
1304
-2590
-561
4623
1914
1023
-4176
-2819
971
-3459
3213
-4080
-3667
2885
1753
1902
-1863
4036
4100
-141
-2057
-1077
1393
-4136
-630
1316
1404
-4915
-888
-1008
-27
2572
3565
3826
-3209
3773
1236
-1202
-1889
-2438
2504
-3860
3827
-1750
120
-4902
112
2859
2309
-4390
642
1249
-29
-1063
-971
-4647
-3034
665
1893
-2574
2058
-789
3036
4676
2198
-3962
-2784
3526
1935
-3926
4145
-1309
-4022
-4730
389
2384
-3087
-1274
-2093
-4946
-3686
-2503
2823
-3566
420
-3191
244
1679
4032
1546
-4534
-2999
-1542
-2615
2852
-320
107
1811
-127
2764
-995
3517
2458
-3793
810
3042
1345
-1710
3955
-3225
-4050
3116
851
-756
-1748
2132
-4282
-109
-3701
-1696
1256
3986
4882
964
-2673
-1608
3213
-4975
2598
-765
3295
2885
-3390
3961
482
-4725
-4844
-4471
-2703
3036
4049
-3122
2732
-3980
600
2890
1065
4964
889
3967
-2312