-3840
-3680
-4431
3134
-2130
4311
3333
-4390
2838
-4234
-408
-4798
1396
-4634
3727
3680
-1789
4543
-1029
840
4632
4497
-3150
3244
-2292
-3745
-2732
-1112
1860
-2542
2184
-390
-999
2287
-4469
906
3907
-2057
-4587
-3988
2221
-1232
372
4817
3055
1997
-4139
-1017
-1083
-670
-4460
3384
2313
-3094
-4064
-2231
-3423
723
-1220
-1793
-312
735
362
-275
-742
2018
-217
3417
4370
237
1649
-622
-3105
94
3012
787
-4512
948
-3720
4059
4856
2157
-579
3422
4737
-892
2566
-657
-391
-3425
-719
4719
-1132
1095
-2722
-3365
4593
137
2973
2873
-1828
7
-2246
1685
-940
1796
3159
-2245
1082
-435
751
-4474
3949
-1747
-3981
-1508
-3557
-1477
-2164
2560
-4464
3871
495
2493
4423
4587
2783
3683
-2607
-678
-574
3960
2775
-1888
4773
3825
-3476
3157
-3165
-3546
-2379
1815
1579
1723
-507
1485
-3546
3291
-601
-4113
-4809
-4098
-4591
2553
-1520
4252
-627
169
-2688
-589
3845
-145
-3217
-582
-1457
3750
2925
-3129
920
3413
2359
2404
4531
972
-2308
-3261
3143
2212
165
-2537
-185
-2187
-3199
3562
-403
4304
3385
2121
-1688
4893
3291
-4908
-2692
3019
-4118
-1580
-7
-1129
1490
438
2084
-3999
-434
565
-111
-2396
3958
2878
-4157
-1107
-1254
1596
-974
1666
-4851
-4968
-3579
-3259
-720
1286
3594
-1644
-2404
-1342
-871
2724
2967
-94
3440
-1750
-1393
-1842
-3516
4020
4077
-2376
-2184
2805
4447
1654
-3800
509
-356
2973
2429
-221
4324
3995
-592
-4160
-3547
3822
-1736
4159
2902
436
-3851
-191
2467
2444
2849
-4077
3525
563
-1262
-1247
2818
4390
-597
3310
156
-2559
902
95
2853
3894
-3044
1058
-3417
4655
-1927
-749
4692
-50
3266
-2697
-2070
1278
-3977
2078
3566
-3100
916
-3473
2435
-4429
-422
354
-2628
-3858
2579
-1469
-2669
-4341
-4143
-3891
1575
-3040
1912
4411
1239
638
-4119
-2116
3389
-1204
3808
4116
806
1197
-3599
-1237
-2275
2264
368
1787
-4190
-4504
-4585
-1831
3599
-4857
-2805
-4000
923
-4558
-765
4722
-1239
2657
-2387
1527
-1265
-362
1634
4614
3229
821
-2734
581
4622
1051
-3541
1797
-3755
3495
3527
-2160
93
-1471
982
-4135
-2147
-1182
-3281
4198
-3734
-2021
3910
-4026
3200
-4911
-4338
4568
3361
-1528
-4548
-21
973
-650
47
2070
890
3865
-4302
-1954
-2785
-465
-4081
3439
-3112
1601
-844
-730
-3795
-1561
-2446
-1564
-2817
913
-3716
-2706
-3940
-2012
1960
-1191
2435
-4682
1961
3827
2794
3761
-3301
-3560
-1931
3307
-4464
-3961
-885
3728
152
-4738
4449
3679
-4118
-1405
-4896
-3656
3746
3693
3050
-3638
-2072
3011
-1962
902
-1834
3139
-4039
-4635
-4742
-4271
3042
-213
-3842
3624
1046
-4783
1902
2664
3565
1039
-3222
202
4199
438
4405
-327
1027
-4471
-4756
1924
-942
-3601
-3144
1371
2510
4670
-4547
-2463
1807
-3380
450
2708
4505
-3460
4126
-2373
1148
-4087
1594
-2840
-2726
1540
4325
2620
-2413
-2294
3630
-1815
4909
3518
2774
5000
-1881
1842
1642
-975
4013
2151
1416
641
-4515
-2045
-142
4849
-1722
3078
-1343
4791
-4516
4974
-1952
-2137
-2865
732
-3853
868
-3600
790
4761
4126
1865
-4231
-2140
-1776
537
-4934
-3039
-2837
4317
-1786
4227
4395
-2447
-849
3381
-1715
1589
-2936
3504
-356
2755
3809
-2934
-110
1
-1610
3869
2716
666
-2581
284
-4483
847
-1269
4030
-4748
-3635
-1627
-878
-153
-2181
-2168
-1994
2524
35
1106
1908
-4934
-1548
-244
-4999
4515
-4494
3724
4932
-2786
-346
3024
-2935
2889
-4325
426
-1960
583
-1023
4107
-3701
2969
-4193
1013
2914
4749
-3552
3851
-2887
-3129
-3974
2350
800
-3566
-3732
2188
1131
-132
-1101
1722
-3674
2547
1329
-3450
-2068
-1588
-1568
-3233
17
627
4286
2259
-1707
2578
165
-1656
1147
2146
-639
-2904
-334
4298
-1419
-3272
-3733
2356
2843
-507
-4875
3427
607
-3562
-3417
3349
-4153
-3966
4674
635
-2694
366
-2687
-526
4697
3239
-2677
2976
429
1481
-1655
3068
3294
-2327
505
3305
3772
3151
1872
1533
-2783
4222
-3624
-1520
4792
-1325
-4307
4926
-446
163
2849
2133
-3845
4454
4033
1640
2756
2575
-2719
1541
-597
3617
-498
2767
2356
4085
-2772
3749
-3540
-4575
1169
2106
125
3098
2351
-2627
1749
-2061
-4081
3856
2705
-2294
-4709
-2586
939
3325
656
248
-3387
-3387
-2283
-3291
-4928
-490
-411
-3733
4636
3800
3606
-570
-1106
-4270
4583
2727
328
-33
-1561
3915
4607
-4227
-597
2310
2516
1978
1417
2023
-347
-945
301
-4857
-3879
1521
1419
-4566
4311
4853
-935
731
-1657
3834
2544
-4419
4197
1040
-456
-2081
1305
4301
600
-1007
4915
3744
1495
-1453
-91
781
-79
-175
-1060
-4789
4453
4000
-1265
2890
3087
1340
4044
-1080
-3729
2201
-1766
-3790
-4479
-1167
-411
-4018
544
-1679
-1505
-3682
4707
-3891
1588
4654
-531
-2386
4884
3005
3061
-2619
-2883
2803
-433
1192
-3505
4490
-4121
3211
-3054
4815
4814
-3712
-4896
-1222
2048
979
-1346
2890
-3386
-4031
-562
-2081
3165
1464
-4650
-2127
1106
2787
-3490
-3096
-3628
3582
3352
-3533
-4722
4785
973
-2309
696
-2888
-1048
-2298
4691
-4683
3845
832
2665
-2797
1353
3915
2705
1905
1648
-512
-3863
-3924
4896
2406
-4196
1416
-548
2105
-625
4548
-1036
-1735
2536
1937
-63
-4092
2941
1459
1231
-3851
3942
4665
299
760
919
-1607
-4493
-2776
-3833
-638
4215
-427
-4350
-2248
-2496
40
3542
-1
5000
3453
-4997
52
-2923
4095
-4530
-4256
3731
240
-3975
4229
-394
4491
-1384
-2974
-478
743
-3044
2994
-2025
976
-1001
2518
4595
-4737
-80
1219
-3436
2667
4779
-1080
-2652
-1222
-68
4768
4684
-2677
3176
311
-4899
-3019
1971
-662
791
1792
1601
3189
1036
1227
-2804
-1024
-1909
4659
-4603
1886
282
-742
3028
1326
-1360
-4197
4828
3011
-864
452
178
-2701
1441
-2327
137
1006
76
2063
425
1768
-200
4093
-3924
-1752
-2754
3620
-3473
2496
-3789
-1508
3430
2450
-1444
4547
279
-1641
3211
-28
2750
1818
-4381
2201
-2058
-1770
4585
3373