-947
1455
-4262
-108
512
2491
-3999
-3690
4409
-690
-4214
-17
-2974
1008
3993
3179
4567
101
-2852
1334
-3140
4694
2228
-2239
1296
-415
-4911
-2510
1637
-1357
-2577
-881
-3461
898
3923
-267
-800
-1801
4729
-899
3148
366
-2330
-4156
-3320
4932
-528
1714
934
-1405
3803
-2340
1949
-2910
4560
3118
835
4881
759
3700
1537
-206
-1740
3345
4567
-414
-4360
1724
15
-2950
-2991
-2944
-3338
-3729
4955
2650
-4893
-417
1872
-4498
-1826
2262
-912
-1085
-3647
2619
3556
1989
4221
-2073
4908
1484
3155
4647
3644
3495
1795
3537
-3953
-4085
1824
-4848
104
-4161
778
-1039
-2099
1817
-159
-1566
-700
-4013
255
-332
-1549
3424
-2353
-937
-1404
2085
4036
-211
-231
-2911
3403
1711
2076
-1377
-522
-430
-3619
-2531
907
-2748
64
3410
3875
-2383
3239
153
-1426
-3819
924
2666
1360
2395
-2491
-2502
3249
2211
3402
2105
2386
1468
-3067
3649
654
-3528
-2804
-84
-4068
-3560
-2197
2366
4207
-3043
-1295
-1023
561
-4830
2739
-3670
882
1572
-2201
933
3296
3410
3797
1657
-4298
-1697
-1402
1880
-577
-3086
1538
2974
190
2165
-2200
1145
206
3783
2544
-3869
-4854
-4932
-3438
-387
-4293
-4777
-4578
2140
-727
2586
-1893
-1130
3400
-151
-4297
4498
-1304
-773
-4051
-912
2195
-1833
4552
-3375
3184
-863
-807
1649
-1621
4727
1256
-1078
-3398
-3789
1173
1903
1185
-3798
-42
414
-766
-1941
-2592
4609
4490
321
4181
4339
-1873
-4322
-2696
1579
-3704
1450
2503
854
329
-1399
3857
1364
4165
-4401
-1436
-4990
1622
3371
1713
-4586
-2548
-211
-4485
-845
2668
-4216
-4483
-4641
-4817
859
2218
-115
-2567
-3024
4545
-3316
2576
-3982
-2629
-2639
795
-4971
-4865
-3985
-173
1171
-52
-914
784
2134
2606
3454
-4448
-497
4268
-4780
-716
4545
2855
2183
-2386
-803
-2655
-4931
951
3302
-4744
-2208
-1691
-1127
-2151
-2533
1518
3669
13
3990
-3282
401
69
-3090
-491
961
2487
629
-2619
4626
3545
4303
4075
-676
-4518
-4506
2218
-2160
57
80
-1587
-4058
-4754
4587
-568
800
-4464
-4247
2910
-2892
2183
-113
-2512
-4178
-1731
-2875
3284
4345
2478
958
-2476
921
-938
4943
1810
-1697
2519
-894
1170
-4084
129
726
2540
463
-4439
-1665
4283
3969
-1811
2282
-3773
3022
-3818
-1237
-3663
965
-2647
-3082
3786
4735
1408
-2332
-3217
4620
958
-3000
-3019
-1750
-1852
-1025
3284
-2970
4047
-1122
-969
-4265
2689
-3887
-4188
1951
-4869
-3924
-2436
-4922
3575
4874
4715
-3243
-3845
-1204
4456
-1530
3435
-2555
2982
-4008
3221
-1516
2868
2116
271
2450
-2390
2962
534
1755
1267
-229
2413
2104
4487
1872
-3789
-2567
-3586
2207
2591
-1030
748
1081
-1460
-3387
627
4232
-1632
2510
-937
2750
3627
541
-156
-2093
2480
1467
-1676
4476
-52
-3707
-2079
3797
-3686
4649
-34
-3705
3618
-840
4627
-350
4500
-3116
-3348
4480
678
3047
1610
3566
-3590
2814
3301
-45
2407
-421
1782
-2479
1716
2723
4813
3479
-1247
1126
-13
-4994
4686
-1259
574
-151
-1484
-2821
-2661
-4264
310
2902
-158
4372
3344
3102
-955
-220
-3830
3586
-1796
4917
2233
3932
896
1939
-4558
-2868
25
2719
-2197
-2918
3745
-2960
-4760
1550
-1485
-1959
-840
4586
-606
112
-1804
4347
-2019
-1647
-3869
4965
-3573
1213
-3410
4316
283
-3260
4684
3072
-3854
3618
333
-1420
2719
-526
-1005
764
504
1930
-4457
-540
-4607
3994
1913
-922
833
-4108
2841
-4808
4132
59
4149
-1617
3570
-4701
4404
308
-2815
-2899
3050
2582
-994
3250
3301
1419
-3296
3989
2022
1476
-2780
-24
-4269
4531
-2089
912
-42
343
-3655
-3228
-4309
-1748
-1486
-3743
1366
-455
37
-973
-4565
1873
-4679
-1217
-3451
4576
4670
-4942
47
-4701
1938
1259
-3420
-23
-2399
-347
4457
3881
-4013
4438
1595
2182
310
-480
2074
3174
4236
-4587
4619
1294
851
4648
2290
4056
2827
-14
4247
-4439
-3119
4983
-1185
3332
-4666
-4078
-2804
3339
-573
258
-1303
1264
-1891
-3974
-4251
22
-3487
-660
-3323
3140
2082
-3131
92
-2193
-504
3817
111
-408
1792
4990
1213
-4396
-1612
1857
-3716
758
-2448
2541
-4439
-4477
2103
3352
-4864
-3406
1004
4710
2104
-1095
3023
-694
2547
-2280
3071
-4949
-4292
4871
-3753
1174
-3375
1590
-2491
-239
3381
-3585
4003
-523
412
164
-3240
4357
4857
2810
-3512
-4957
2419
-4487
2184
2824
-2955
-330
-1176
1396
-998
-2959
-4712
3452
-630
3632
818
904
3947
-4580
-1339
2429
2436
2065
2496
-3828
-3679
3324
4478
2701
1064
813
-1174
-4194
-3142
-650
-3851
3469
1682
452
4694
2413
-1
-2413
2555
-4615
-174
4761
-1650
-3703
-591
-4413
4485
-3531
-3286
-765
-1522
2351
2989
-1108
-3478
-1798
1998
3394
1669
3707
130
-3614
-4338
1907
-3910
-4480
2025
1093
-3831
868
-1012
-2882
-2620
1924
1698
-24
158
3772
-4817
3178
3540
-2385
-4753
-4589
-161
-3799
4172
3931
-4405
-1443
2809
-1418
436
1312
224
-246
-2739
1613
-4561
-700
-3481
4317
-154
-635
-2467
-2332
-3969
-1924
144
3995
-3170
-2759
772
-2888
3175
-4928
2828
4748
-1201
2187
3035
-1518
-3286
1529
964
-589
2436
-3135
1069
3129
-2993
-3128
143
-73
-2279
-4295
-2690
3593
-4605
-605
997
-1130
1267
-563
2409
1009
-4506
-102
-2538
2843
-2059
53
2270
-213
-916
693
-1440
-3378
-4640
2681
-371
-1597
-4074
75
1253
-1571
166
-3745
-1241
-3515
-718
-4228
-3259
3981
-1109
-2522
3129
-1725
4270
-4063
-4752
-551
-2562
1493
-2979
-302
-3972
-475
371
2298
-844
-1801
2357
3686
3827
-642
-351
3308
-2677
21
-574
-404
3740
-675
-4746
-617
3023
-1429
-3541
1170
550
782
2357
-2101
3786
329
-1108
-1777
-2945
2607
4220
-2940
233
1316
-31
3849
557
-928
3600
2379
-3138
177
2139
1537
-1510
-3128
-2640
2855
-1754
-2265
3854
-4133
1227
-2650
-3146
4823
3549
-727
1090
-1249
-76
-2591
4023
886
-660
2526
707
-2974
1930
-1838
732
-554
-1210
-4926
-4148
-2762
-528
4336
-4655
-4595