1794
3710
-131
1590
-4590
4289
2648
3092
2672
-420
4708
-1369
-538
-3140
-1064
-4162
2689
3072
-2524
-2072
1746
1426
-2506
3787
1531
2040
4254
238
4529
-1725
-2125
3328
4827
-1348
-1579
2133
-1380
3287
-2920
2821
-1702
1865
1276
994
-4653
506
-258
4972
1679
2758
4956
3605
4415
-1655
3643
-4790
3084
4981
828
3239
-1831
-2691
2345
1881
-3964
849
-3439
-3787
-2282
925
879
-4282
-1557
2403
-4325
2010
-2485
3177
4156
-4830
1654
3049
-2027
-249
-2629
-4258
4315
1778
1698
1899
-2200
1442
-453
868
-3299
4314
720
2819
545
-3109
3473
4238
3614
2391
-1881
210
2106
-3160
-726
-3084
-3153
3508
3889
-4425
-2930
2363
-3959
-849
-2495
-4406
4954
12
394
-3477
-1891
-1131
-3972
3848
-954
-2911
4056
731
-129
1236
-2530
-4102
1495
3925
1725
2354
-936
-3282
667
2917
2016
294
2844
-660
1824
-4542
4731
-787
216
-1510
1534
-757
-2821
462
-42
3059
4995
59
326
3056
2579
4373
-4271
1177
-2910
-4589
-2591
-4347
4640
2299
-1354
-3530
-4
-376
-1896
3819
-2752
-499
2413
-609
-285
4714
3337
3715
-4383
-632
-1026
324
4480
-2386
-2649
-2540
-106
2922
528
-4412
4793
4065
-304
-1163
-1400
-1750
-2419
-1484
2193
-941
-1204
2057
-4266
982
4466
-658
618
-4457
-4387
-524
1280
-4405
-3343
-193
2314
2621
4471
4060
-3618
3153
-2980
1398
-3093
-2245
744
1838
2005
4924
-4525
-1782
4666
4530
1237
3506
-4468
2177
2651
-186
892
-1898
-2717
-3668
-2497
1411
1047
-979
-4573
-1392
901
-417
-4635
4932
4179
1529
2032
-175
4384
2019
2734
2849
2694
-4194
761
2710
4647
2394
2920
1732
4620
-2031
2215
-1157
2049
1742
612
-2539
-3574
2140
4685
-2928
-4279
-2178
-287
-4068
-4714
625
2580
931
-4923
-1772
-3020
-1650
1908
1369
4764
-3213
-1750
-4029
289
-4815
-2946
1326
2226
-3809
3169
-4950
4197
-4354
2600
-227
-1594
495
-2467
896
-1881
-1591
-4118
-4279
-3693
-411
2513
3904
474
1812
-3068
2106
667
4333
4855
-4271
-4594
-2538
-160
-2148
3939
-4188
1772
4187
3489
583
-2225
4282
3775
-1196
-1026
-4707
3151
-4656
2466
-2405
869
-3033
-461
3376
-176
2128
223
-1627
-3456
1759
944
13
2099
-1016
3953
911
-1559
-896
1250
3842
-1439
-1218
1174
-2828
-1938
1544
4232
-986
1159
-1912
-1465
-1899
-3910
4156
3193
806
1903
-1313
-2680
4691
-2153
-1963
1158
1643
4922
2175
1024
-4984
-3921
-2561
-3843
-1393
1285
-4662
2831
1365
2122
-2700
-2300
-4692
-2626
260
4298
-589
-4612
1791
4293
1504
-4144
-542
2681
4835
2383
2969
1765
-2953
1405
3353
4216
-4627
-1011
649
2360
1484
970
-436
-2318
1095
767
4056
-187
-2449
1614
-3298
406
-1783
1930
-4398
-2093
-159
3967
3745
-1174
743
4544
825
2288
-2737
4100
-1762
-3062
1422
-2249
-1033
2173
-4949
-389
4420
-4475
4645
-4551
-4814
-612
84
-2471
-4986
-2935
-2355
-3816
-3782
2275
2093
-4262
1235
1600
1362
2340
-72
-1351
3954
-3878
4496
4424
862
3611
-4432
1055
1260
2256
-47
-4414
2322
-167
977
2732
-4265
1083
-2916
-4011
1714
-1701
595
-719
-2760
-3360
3484
1373
3531
-2593
-1586
-1860
-190
-936
3430
3877
3838
-1379
-4915
-1430
3649
-1963
953
-1847
-142
3643
1967
1997
-35
-4758
3343
-1520
987
2605
-4237
3013
755
725
85
-1139
3344
2766
3849
-1784
3865
-2389
-4627
-593
2093
318
-3242
-4968
539
1417
-501
3747
-4449
-4803
2786
-1681
-2466
3569
4482
-1481
3735
1162
1006
-3613
3130
2898
3755
2503
2091
-2748
-1738
-1050
-2045
3568
-2332
2628
-4982
-2835
1573
-4907
2300
-224
-3997
1226
3445
-700
2925
-4955
4289
-4116
4646
-1230
-1887
-1607
4166
-4511
2784
-861
1938
2516
-4373
1159
3051
-4815
2385
1308
3049
1609
3377
-1923
-1094
-3175
-1188
-4546
-967
3374
-700
2597
2041
197
1046
-4187
-1855
-2824
-338
1011
-581
-3086
224
-2373
-1802
4302
-1961
2396
-748
4215
-97
-1530
3379
-2380
4906
3202
1623
1299
2098
-4770
1046
-731
2031
2833
3600
-3333
4520
3602
-1146
-4646
-899
-1447
2121
-4870
-1134
-394
-3610
-235
-2277
-2853
-3965
-1748
-285
4778
2904
-2687
4446
2984
4771
3112
4040
4345
-3295
-2775
4948
3319
-2130
3860
-3794
3176
-3970
988
-4649
4963
-919
1552
-1885
-4457
-4237
-4836
1072
4612
-2874
-3066
1013
4545
-205
-16
2510
-1609
3955
-694
-2608
3558
-1796
-4724
4565
-3844
-4100
-1430
-217
3332
-1709
3567
1675
1872
-4426
-1307
-4996
-4179
1780
4135
-221
3668
1588
2296
-3039
-3091
-4129
-4794
1983
-2265
-966
4605
3473
1475
-2400
4424
-3304
2311
3586
3213
2618
511
661
279
-3340
2389
3036
-1894
-1775
-4031
-4401
-2146
3244
5000
-4065
-2558
4964
-293
-665
1460
-2226
3146
3562
1476
-2630
-4379
3263
-4453
-1257
4433
109
1030
-4632
1296
139
-4931
-1372
-292
3931
-4804
-3214
-1476
2468
-3754
-4890
2811
4474
3559
-2688
-2208
109
3020
4937
-1778
-1062
-208
-2258
-2454
3593
-3833
-1339
3653
-1803
1145
2899
-3868
3359
3001
-314
-402
-64
4895
297
2075
516
2524
-4932
4782
1026
-3780
-4940
2
3343
-971
-4513
856
2060
1472
2099
-3333
571
1008
-3376
853
-3562
-127
239
4521
4057
4691
907
-3509
-1838
-4124
-4829
91
2586
1614
-3985
-1938
1139
4415
2922
-2143
-4487
-3599
-302
1907
872
-2902
1681
-4950
4691
-568
1956
2961
-2137
4786
-3811
-4518
-3520
-1240
-1027
-4674
3149
-3685
4692
2664
-1043
-1025
-1941
-2416
530
4188
-3878
1624
1633
-3948
2973
-3226
81
539
4457
-3238
-2299
3798
3384
-3031
-3538
-1916
3826
-1285
3747
4815
-2680
-4645
434
1716
2931
-4061
1800
1532
-2500
943
167
-2810
-3586
4684
-1680
-3763
1417
4027
-4431
-3505
263
1322
1730
3615
-562
-3799
1583
1322
2356
-3516
132
3032
-1437
-3347
-2387
-4106
4374
-4856
4188
292
1003
-4294
-1140
1253
-1803
3499
-1812
-1433
-757
1614
22
872
2168
-2018
2925
-3340
2798
-41
3070
2691
2106
3325
-4261
4549
-4640