107
4073
-4481
-3006
-4764
2110
3310
4998
2229
2457
1457
1027
-4622
2218
959
4347
2881
-3056
2643
2755
1937
831
2379
1413
-2924
-1533
-2556
2151
1891
887
-3439
2894
-4249
1978
-1801
-3471
746
1085
-2999
3051
3420
2929
-131
640
-3359
1676
463
-802
347
-2312
-437
560
-4403
-1258
-1547
613
-1494
1813
4071
3709
-4012
1640
-4164
3782
-3318
-4118
-3602
-3062
4884
233
-2127
-2904
4466
-3220
4916
-4893
-487
-3102
373
-2078
-4353
-4495
3328
4763
-1488
4779
-150
3473
-4852
-396
-4385
4033
-3648
636
-150
-4075
-2239
-489
-3560
-711
-2212
-2190
3234
-248
2841
-3002
1142
-3016
1404
246
3739
-4914
3528
4336
-2078
-2243
-3793
-466
-1712
-4035
-177
-4726
-351
-2351
-4536
-2635
-3938
686
1645
-1231
-4400
197
-2207
-4349
-3402
2396
1628
-1868
4292
2357
-1955
2006
-3146
2420
224
337
2114
158
1334
-4529
864
-4917
456
-1664
-2689
-4582
3905
2590
-3990
-540
-1389
1797
-4215
4250
-1744
-4272
1948
-2536
759
1208
4726
1790
4447
-1128
1658
269
3902
-776
4961
2030
2818
3216
-1624
-4984
-4318
-2176
-138
3734
1594
268
-1062
3444
-1071
3005
-2538
-1056
-91
-2227
-4901
4521
-3181
1789
-1059
1999
-2930
-4449
2754
-1811
1494
-2890
-1169
4879
3462
3148
-4175
1792
4848
2294
-3256
4418
-2297
-4802
3283
836
-1124
-1758
670
437
4730
-4899
837
1078
-1789
-2842
382
-2985
-4365
-4789
-961
-1850
556
-2511
3207
-1326
3712
373
-2500
4388
4202
-358
4499
2964
-1763
-143
-4313
-3710
-587
4268
-1602
-1466
-4499
-3333
-3929
1828
172
-3830
2175
-4397
1391
2306
-893
-1545
-4018
-4017
-1718
-3683
-993
-2304
-392
2225
3970
1687
-1736
22
4188
-2086
-3472
-3318
3655
2127
-3615
-4046
4543
-2356
2928
4495
-3738
-1555
-34
1654
3938
2607
2602
3262
2759
-3259
-4253
4312
3647
-232
1909
-3442
2598
1656
4558
-1224
-1683
780
1048
1213
958
-1367
-3156
2821
1902
-708
1890
-1511
2174
638
4679
-4985
-2755
-4377
-1969
-4440
-2173
3583
380
-786
702
-1449
1668
449
-2763
2947
-4437
-35
2734
850
1786
-4402
2625
1433
-4991
3931
-2769
3868
-3916
-1552
1204
-3175
-4756
-3260
-1858
-2074
-1899
840
2112
2605
998
-1852
3133
3210
-1774
-989
420
4514
-1869
2994
-2301
612
-1692
-1691
-4937
2657
-44
4877
746
3490
4122
-1250
340
1899
3980
766
-2355
-1484
-3314
4363
-2421
-2968
-4699
-2263
-2698
-4749
1187
183
356
-1001
1956
1444
1790
-788
-1852
3937
-2115
-2931
-1615
1506
1217
4914
4680
4854
4461
-1547
864
3413
1452
-4552
-3359
3476
1315
4204
3656
-1035
747
-3254
3567
717
-3146
-4642
4432
557
-258
3487
3054
-947
2717
1847
2159
-4412
1467
-3554
4956
454
4079
-999
-3449
-277
-1210
-1268
-3064
2560
-52
-3891
-2692
3723
4837
-910
-20
1559
-1379
-2328
4613
2623
-2179
-3679
927
-3225
603
-3019
2760
-3127
-1838
1580
-2532
-3067
1477
1075
-3284
-1612
3869
-2909
-1630
-2953
-376
4674
1383
-2564
391
-2286
815
3548
3586
-631
-3131
3000
831
2702
2257
-697
1761
-603
3954
-4234
-4466
3199
1802
3342
2991
409
2605
-4107
374
3621
-723
133
4503
-3598
-3413
2657
1530
-4020
3940
-3617
-2668
-2386
-548
-2588
1234
3225
-1421
3902
-1047
-4006
3653
-1950
4636
-3128
-850
-2278
1792
-712
-3653
1133
-2439
-3644
2869
-2853
-4338
-832
1976
3585
-938
391
4670
-1085
3604
-1807
191
1355
3023
1469
2130
130
-10
-1429
-3041
4806
982
-1019
1406
-2875
902
949
-248
1470
-1552
3290
-1315
426
-2409
1898
-4888
-1725
-4078
4661
-4057
-4275
-2719
2598
764
-3258
3070
2297
3881
2536
-1349
-1754
2546
3858
3466
2032
438
-3227
77
1641
-864
-4624
4121
-1936
-2868
437
-1012
-367
-4489
-1844
-776
2730
1939
-3660
1240
3025
-2609
692
-3464
1545
4507
-3689
-2472
1464
-2307
-3054
-3986
-2645
-518
2813
2477
2153
3318
-3819
1267
-1492
-2378
-495
2271
-2936
3907
-550
2762
-1227
4289
1050
-3187
2623
2028
4000
-770
411
-3062
-4148
-2025
-650
-1727
1645
1424
-2718
2465
-3639
2540
3083
-1571
-4035
1282
1968
3561
1670
-136
1536
4472
-2125
4724
-957
-1613
-3355
-4473
110
-1568
-2398
-1924
2430
1348
-2617
-2609
3645
-4750
-1578
-4473
-926
3764
-1799
4445
-922
-871
-3544
-3543
2438
-4433
2729
1209
2106
-1843
-55
3961
-1853
-2925
-4334
4416
1077
4924
-2169
-3750
3868
-2869
1837
-4882
1911
-2357
4091
104
-4900
-2097
3685
-3181
122
-1012
-524
-1153
1366
-1028
4286
740
-2908
572
2015
1012
1288
4144
-2561
-4502
-1797
2823
-2863
-460
-391
-2247
-2653
-960
4747
-1759
586
-3604
3422
1015
4388
-2816
-2637
4937
-3832
-233
4190
2837
-2398
-76
-2493
-1769
1556
2482
-674
-4824
2251
4934
4573
4319
-4550
-2265
3096
-134
4913
2528
-251
439
-480
1805
4136
-4778
-2082
-781
-4616
-4170
-133
-2760
-1104
1358
-824
-86
-255
-1366
1055
1396
-464
3671
3050
223
-309
2320
107
-265
-3071
-4865
-632
2608
3669
260
1957
4860
-4275
-3512
3305
4946
1195
4
4941
-3645
-4195
3028
237
4129
3456
2696
-2006
-1307
-3911
-971
-4939
709
663
-124
-4978
3612
3985
-990
-3440
-3436
-3067
-2035
-1607
1919
-1529
-3719
3498
4493
-4713
-3642
4736
-3847
471
707
-118
2692
-4458
4141
311
-4510
1747
-2357
3997
-4183
-2272
1675
311
-3229
-1205
1981
-3547
-1153
-170
4974
-1785
740
-1822
-566
1840
3287
-946
-3419
-2172
-3561
2198
-4360
2057
-3151
-3838
-711
1554
-612
-694
-1624
2839
-4367
-4675
3107
-4424
-3290
-761
-4977
-3863
-4050
-106
-1940
2644
4495
-4104
-2476
2189
-2800
2483
-4471
461
665
1291
-809
1932
1024
3938
1387
-4495
3280
3319
-2023
-1357
279
4895
-3875
2428
4559
4988
-4259
-2399
-4696
-1023
3649
-3532
2483
-1650
1429
-1842
-2909
-2693
-2645
733
-41
947
-2300
27
-3718
-559
-2987
3658
3325
-904
3009
2491
-4601
3848
-744
3574
-2802
3183
-2053
-2822
-2299
1469
-651
-178
-1428
1573
1069
-659