1612
-2155
-3333
-2796
-2455
-2619
4234
-3894
2481
-3346
-4068
4081
-4277
2382
-4474
997
-3518
-3653
3937
2887
4050
-2204
-1583
-3357
3882
-714
2967
4710
2100
-4191
3443
3412
-3300
1122
592
-1078
-372
-3946
-4023
-1350
-2657
1147
-4412
-1626
-4821
919
838
-635
4324
-921
-1589
3579
635
-1896
-3915
3574
-431
1326
-4510
4943
-708
2655
3517
2847
-2240
4966
-2510
2962
-2229
-4931
-2496
4117
1246
1884
-2037
-3530
-2359
-2273
4522
627
-4605
-1621
-4560
4394
-1537
3097
2673
-3263
-3211
-261
2092
-28
-3851
-3386
-1062
-1439
-3524
3347
-1291
-4239
-3144
121
2828
3612
4065
-3418
-867
210
-2945
-1528
1264
4815
4679
-3777
4602
4623
2932
4538
1882
3936
2567
-4006
-1331
-1157
-2937
2089
233
-1934
-2699
3971
3681
-2372
3482
2985
-1793
2084
4028
-3723
-1018
-1087
4515
-249
-956
2470
-3946
-203
1371
-1106
-3512
3712
-2907
-2233
-4517
-1766
-1398
1848
2412
4228
-2735
1035
619
4138
-1602
4730
1960
3703
2723
1853
1817
-2024
4081
4101
808
-4891
2245
-4649
505
2013
-2773
3241
-4255
2974
1530
4892
-3897
-4711
-964
1851
-4431
4584
3207
-2647
-2360
1013
1450
3890
-4541
-1400
3497
-2358
-1734
367
-2366
1293
-2161
-2300
-1354
-4878
-4598
743
2649
3537
3035
-1308
2101
-3362
-3860
-4688
-4292
-4162
-4870
4412
-1320
-126
3637
708
3093
2907
3099
1355
151
1740
1072
-2613
2652
1631
-2945
1602
-3642
1140
301
862
-1911
-1955
-1732
-4293
327
107
-4738
-865
-321
1713
1126
232
1230
-2044
833
3
-1875
-543
-61
4568
-496
3283
3958
3178
-1147
-380
-1364
3231
4333
4621
716
1170
1930
4224
3370
-2349
3049
1181
851
1944
-3879
4184
-3502
3931
3100
-2563
-3959
-1191
1506
2979
-3903
727
-4634
1182
3036
3571
4102
-1638
-1569
2459
2991
-1146
-1394
4408
-1379
608
-599
-3825
-2098
1626
-577
2266
-350
-4169
1641
3707
1391
-4179
-2830
-2152
3992
2288
4059
3134
-2039
2617
863
-3570
-4243
-4142
-3398
3810
-4451
3935
-2334
-1359
-2264
-2407
-4128
-3842
-1
-1942
1303
-3855
3552
-2446
4768
2420
-3216
-222
2573
-1819
-2091
-3117
3042
-4548
-2664
282
-3287
1701
4109
-727
-3052
-10
1518
1044
-4800
4878
4637
-4512
3431
-1356
351
-33
-4296
-3438
3843
3241
-1444
-3886
-4959
-1728
4884
2362
4094
4998
-4300
-648
11
3260
4370
-4464
-4334
663
-4872
-3381
666
806
4162
-2925
679
-3159
-1266
-4495
3130
16
-768
4545
1938
-1121
714
-539
-1843
-4330
4262
-10
2321
3154
4152
-1921
-3788
2549
1079
3539
-3622
1812
244
1528
-2764
4205
663
2691
-503
-887
-3532
2052
-3696
4521
-4718
-2421
-3105
4334
3616
3793
-556
165
282
3632
-1274
2892
4686
1649
-2691
267
2501
4221
3637
-1114
-1974
4412
2975
3160
3247
-3056
-1641
2728
1401
3952
4641
2992
-2654
-1336
1468
-2882
-598
509
187
4897
-3317
-2579
4420
1910
-660
464
-3322
1713
83
-1120
-554
1361
-1039
4739
1107
-2223
-3005
273
4595
-2143
-931
-2740
3101
-444
4288
-477
-4589
2673
-2027
-3780
1093
-4779
4915
4537
-4608
3539
-1607
3187
1988
-2804
1868
-1059
2368
3257
2190
-2489
-4129
2485
3350
2596
2446
-585
-1210
2079
-2581
2716
3533
-1783
1513
3879
2659
-1078
487
1832
-239
-1037
-2250
1550
-2042
174
-65
3457
2261
4017
4171
212
2562
-1855
-1055
353
-220
4959
4774
-2469
-4882
-4585
720
2397
-3674
4010
4638
-98
-4325
595
2774
4116
2864
1846
1185
-4588
-2006
2681
2390
-2915
-4892
-1442
3860
-2362
2990
59
874
-4091
-1446
-1794
4974
1221
4482
2230
1194
4173
-2381
2253
3366
3778
4319
3739
-4597
-2470
-3114
-3113
-718
4032
-3888
1364
-4150
-1430
558
-3200
1284
-1386
4279
-4706
-279
-2619
1170
-3304
944
-1288
-43
-4831
-300
-3695
3261
2221
580
1863
1888
3280
-2930
-1547
-2930
-4602
694
-4160
-2159
-819
4805
-1954
3798
3613
3592
-109
-1324
-928
-4858
4825
-4219
3096
-1962
867
-4501
-1738
-4213
2472
4975
4870
1096
4525
-1771
3222
-2844
1478
-914
-458
-1973
2941
4017
1164
2333
-496
1095
-2728
-4122
-4594
-3618
-628
3244
-290
-3013
2806
1612
-4160
-3434
3794
3551
-269
1126
467
-566
3063
4625
-3978
2712
3263
4573
-3754
4937
569
-1990
-1036
-4400
-4358
-4308
-608
2524
-2318
-2152
4437
4736
2341
-831
2913
340
-1384
-2016
-4583
2919
2718
-1103
542
2207
-121
-4844
2564
-4698
2108
-3003
88
-3789
-1044
1825
-4868
2034
2786
908
4296
2053
-816
-3739
-4694
4668
1844
3649
2636
1789
21
3400
-514
4772
-1837
2617
2398
-3265
-1540
3026
2299
-1488
4898
2877
-923
-2781
-3264
4766
2137
-264
2905
-597
2693
-3874
2977
-1383
1762
-4430
-334
-4805
1168
66
1892
-3960
-357
2367
-2593
-611
-3835
-3864
3411
-425
-1343
-566
-1339
747
-587
-3537
-983
-1684
-2699
1526
-3307
-3023
-3620
-380
-4717
4532
2151
2761
-2092
620
3187
-4540
-3229
-2791
-4918
-3324
-2449
-4039
-1356
4221
3145
-2552
2066
2689
-1918
-4338
2677
-2169
-3712
216
130
-4893
3465
-3142
458
-3455
-4576
370
-737
-3714
-1345
2470
3850
1198
-2361
746
4900
1548
1
-940
-270
-980
-4908
442
1575
4742
-4325
-3651
-2614
504
2246
-773
-124
-4997
-4884
-460
3917
3539
-2990
-326
1339
2052
111
-3805
-249
4522
3037
2992
-2672
-4040
-654
-4493
3776
1430
-197
-3328
-4019
1572
-3524
3908
3782
257
-2247
2035
2714
-2747
-4531
348
857
-497
-1148
-2580
-2506
4296
-1260
-2050
4087
526
-4657
-2251
633
-4282
-660
-2104
-551
385
-266
-1016
-2740
-3638
493
-3165
1457
522
-3919
-3156
-4926
-3810
-3902
1573
2089
-3687
-1112
-3924
-2734
-691
-4072
4740
867
3008
-428
3596
-4018
1537
-4422
-1763
4539
824
-2915
-3699
-4653
2561
3392
1817
-887
-4292
-4326
-111
1913
-1672
4236
4533
-1476
-1449
-2580
-2875
4487
473
-2482
-1994
979
4533
1848
-4810
4174
-1103
842
4323
-1253
-1506
-2455
3305
4473
-4704
345
2605
-2234
-1827
-3426
-145
780
-3874
-3926