4008
3149
-4158
-3074
-3350
-3160
4485
4460
-911
-851
1997
-128
1134
-1412
-2117
150
3086
-3316
-3094
-2200
-3331
4740
4221
-3082
4990
-277
653
4308
-4856
758
-4687
2972
-964
-4398
-391
-97
-426
3167
3381
-2979
4000
-856
-2397
-3309
3445
-4574
-3838
-1320
-2190
-406
3732
-2873
-4603
4450
-4181
-3774
299
3184
1627
-4617
3141
-1520
-3152
-1759
-970
-1237
-4911
612
1584
-4842
-1466
-1091
-2817
-313
4989
1175
1127
398
1696
-4116
-540
-3956
1773
2204
4747
-2060
-1961
-508
4601
-762
-2965
1787
3856
2607
-2891
368
-2196
740
1546
-2112
2673
1386
-172
-1305
-1407
-668
1954
59
1077
-4973
-2545
-103
-4519
2563
1517
-2421
4369
-3793
-4162
4658
4736
-4607
-3507
-2967
-1970
3941
4847
-3449
-4547
-4404
223
2021
-1985
-3515
2817
-3329
-3341
2395
-3324
-2516
-4802
1247
45
-1058
-2599
3564
-3336
-658
805
-2027
-1418
-2871
3837
-1891
1970
983
-2059
-4540
-874
1896
4853
-1905
-839
-2270
-2387
4415
-4811
2223
-109
-2526
2937
1351
1723
765
-1298
-2564
-1309
-4671
1887
2203
-3655
1918
2943
-2550
-3358
3870
1861
3921
2289
1693
-4014
-4614
-1682
-2300
3268
1668
-3356
-3480
439
-2610
2284
-2332
-4575
4169
2152
3842
-4405
682
1812
4345
4380
1883
-114
-1759
-1718
-2639
-4626
-1001
-4073
4786
3297
1750
-3429
649
1272
-1645
-3337
4407
3489
3799
-3174
3148
-804
-856
-483
3100
-4003
3095
556
3152
1719
1913
3077
1039
3888
-1718
1262
1294
-188
-968
3961
-4335
-4881
2530
607
-1906
-1306
2228
4493
3662
-2904
3004
3755
4796
-2342
3350
-4881
-2286
4184
-1534
-3135
3814
-1962
1656
-4690
-3379
2757
3714
-2832
-2648
-1036
-1284
-652
-2781
4900
860
520
4686
4798
-2658
-2812
-1897
-4621
662
-257
-4633
-3386
-1304
2072
-3662
-3035
3927
-560
-1989
-4536
644
-2087
-4861
1764
-3380
-4549
-255
3041
-4668
-4805
967
-1361
4526
-3448
-1025
3824
4497
-4814
1643
-4910
-3617
-3761
1690
-3384
223
-822
-4101
1292
2114
2515
2944
-64
298
-3743
-4775
-3056
-2284
918
-3583
2018
4585
3305
-4333
-2953
248
2450
3888
3307
-187
-3448
1515
-4385
-4404
3708
3238
-1233
3866
513
1950
-2835
3392
1343
-4359
-1619
2041
-3949
3620
3005
1797
3969
4931
-2671
-4504
4175
716
2371
896
-2331
1358
3167
500
-3920
-936
1161
-4967
2006
-3463
790
-1752
1075
1558
-1325
4466
1181
-2337
-876
3550
-2939
992
3333
-3189
100
-4862
2069
-899
4051
-4905
1111
3136
182
1250
-4756
3399
4406
-1066
938
1262
4767
3415
936
-3572
453
-4213
-4734
-3626
4967
-929
-2743
-1172
-2824
-822
2808
-319
1322
4218
1640
4925
3984
1122
-2821
-1327
864
-2317
1179
-4654
-2718
4540
-3345
1804
1916
-1950
3229
-4820
-3348
-656
-1748
767
886
-1080
-976
-2438
-604
-1798
-1515
-1853
1494
-825
-1225
-2527
3434
1298
186
-4115
1625
-771
986
3316
1218
4305
787
4863
3099
2655
4938
4035
-2537
4593
4428
2118
-1803
-2700
2608
-4125
-4685
-3266
-517
-2226
2566
4969
-4611
-3068
3022
1749
-2516
-2626
801
31
-776
-4929
-4287
-2204
-135
-3510
-3457
3548
4545
-2065
-3333
315
-1713
-4523
-3288
3843
-4006
-2902
929
-3820
3029
2468
875
-1188
-1444
3676
-4796
4994
-3221
-1189
2896
-4048
-3263
888
993
-555
4463
-3126
1653
4669
2560
-232
-3964
-1623
4599
2078
-3958
1557
3098
608
3996
694
-2779
1586
-2581
3069
-4663
-4212
4711
-3885
4031
-1913
450
-4462
308
-2387
-1695
-3639
-2472
-3444
2740
4719
-1628
-3662
-168
4375
-871
-3380
-1155
-2082
-906
2297
1207
3480
4209
-4164
-3218
-1
2304
-4065
3465
-1223
-2236
2734
-3613
-3281
-478
-3559
-4135
-924
4188
1811
-2989
3446
1329
-2640
-2112
-2003
1233
774
4712
4845
4693
-3067
1329
-3026
-1520
632
4042
2904
-779
1646
1075
2395
-3382
-2631
1789
-2205
-3929
2117
2441
-1362
1052
-2318
640
4603
2272
-3981
2316
69
-1720
-1659
4341
-345
-3408
-1398
4357
-4945
-4529
-2453
-1624
-2320
-3858
1628
4470
-2280
-1993
903
-2049
4046
3883
4508
-4189
-2235
-1098
3124
-561
-589
-1585
-1409
-4076
-1076
407
-2372
-2479
2636
873
2467
955
2219
-4292
1178
-3528
-3651
-3847
-2370
4867
-160
4636
-2578
-2318
1628
4252
949
-3044
-2169
2356
1606
1892
-1291
-3637
-3861
-2297
3843
-1855
-2415
-1944
544
1781
-2626
-1101
1940
797
-1095
-4062
-3634
4540
946
-1170
889
955
1313
-29
-4911
-2689
-4724
1768
3500
-1531
-977
-3372
3119
2075
607
-2976
-3701
1159
-3513
-1
134
3072
510
-2553
-3391
-3611
4956
-2366
-872
1605
-4321
335
-1202
547
-4458
-724
-4134
285
4461
3300
4620
-1583
-1452
-2484
-1144
2583
4754
-2968
4933
3639
-4770
-4576
-3396
-126
-490
-1227
-2751
-843
-4967
-3598
-1352
-4530
3048
-4860
-3625
1052
-4706
2485
2466
1829
-3823
-2354
-192
2146
-785
-2481
242
2382
-1381
667
4830
1590
-2388
-2155
-3656
3412
-731
-1658
-4934
-2170
-1758
-802
-913
4275
-3984
-2025
4571
-4685
2357
-3783
1381
2101
-2881
1562
4031
-324
305
4043
-4122
-1646
-3374
956
3212
-1754
-4040
-3684
-949
-3734
-624
-2703
-4758
2476
-1761
-2315
-1090
3694
-2811
1980
1660
729
1150
-2918
-1229
1290
-4774
3260
2288
3597
695
1973
-910
4435
1504
3465
2828
-3039
-3031
1251
-4069
2959
1366
2889
-1591
2895
3649
-2826
80
-326
3227
4179
-4366
2256
-4651
-649
-4875
-4993
-4637
-124
-3594
1555
-1944
475
-325
2880
-4744
4907
-1835
-574
1731
-910
-4966
-4415
456
-1158
1982
-2090
437
-1124
-4463
-1037
2158
245
3260
-4235
-1778
-1800
1740
-732
3920
-423
2119
-649
-1449
-633
2121
-2962
2547
866
2923
-2460
3437
320
4338
756
-1886
-980
-4944
-492
816
-2110
838
-2879
3270
-2099
4289
2750
3183
-4156
-819
-4448
-3149
-3406
1247
-1892
494
4779
-1823
-911
-4887
3116
2946
-2778
2432
-4347
3763
150
-4600
971
3837
-2915
-3556
-723
-2170
-4849
3100
-193
-2093
-220
3780
-2150
-3926
-3629
-3457
-3569
2740
-3451
4167
-1329
1581