2488
3186
485
638
-440
-3157
1020
4905
-3744
-4519
2915
-1346
84
-1485
-139
-4385
-1453
730
-2752
1635
-4452
-4215
-1084
-4813
863
-3722
779
1451
3307
2400
1752
3018
-3417
-4227
3702
-595
4817
-4068
-4471
-1774
-1889
3144
-830
3186
-1936
-1317
-120
-2443
-1751
-2047
701
-2355
-1615
-4344
-4600
-1294
-206
4906
1073
-1518
-3523
4067
-3355
1046
-4029
-4829
2880
-894
-2457
187
3300
-2911
-4810
4217
-1076
1683
-704
2604
-2014
-4875
2002
-3627
4987
-4753
-4355
-2914
1231
-4155
3984
-2154
-592
-584
-2192
-2372
-3798
-2190
2396
2745
2888
350
4534
-774
-75
4212
-4890
-1595
-4400
3020
-2006
-1747
4738
-4068
-1657
-1287
-3456
4371
-1791
-2633
-3431
-2687
1937
4522
3705
2230
4254
1618
3231
1554
-3707
3529
56
-3629
-2259
-836
-2242
-2779
560
-3194
4178
3897
2031
4615
1629
-22
-4952
3017
1881
3071
-10
-107
781
3710
4734
3031
4987
293
-1122
4585
1032
-4052
-2754
1564
386
-1985
2614
-3140
3430
98
4471
-4690
-3909
-2948
3548
-3582
-2348
4529
221
4615
166
3678
1409
-1727
-2635
4321
2784
-4622
1378
510
-662
-3839
-1148
3781
-1282
-3120
1506
874
3174
-3028
-4364
-4174
2100
3749
-175
2773
-1821
-4256
3400
-927
-2746
2253
3412
-4781
-968
4758
-3572
-1479
-2240
-686
-4002
-475
1809
2694
-2419
1432
-2900
2303
4540
-879
2867
-1291
2609
934
-905
4415
1396
4323
-1523
-4839
-840
2954
3271
-4371
-202
-2232
-2295
-4097
295
-4747
-2726
4234
1559
4743
4554
-2645
4687
4317
3460
2621
-2092
2285
-3420
3535
-575
897
-2046
987
1193
-3602
-4554
-678
-4382
-1902
1921
1938
-2494
-740
401
-4715
2442
-3763
137
-3133
-4372
844
-1265
-3785
-4075
-4320
2589
128
3696
-3334
3753
-2037
-3274
-938
3409
-4114
527
-4397
2616
-565
3070
-2361
4181
-1422
1841
2764
432
4828
944
3284
-1449
-3406
-1852
4530
3337
1822
-1021
261
-4343
-3342
4091
-2263
2260
-4687
-3314
-4785
2571
-4604
56
-1615
1142
4568
3156
-1253
-2946
1202
3999
2843
-2059
4062
111
2508
4675
-4862
-4629
1340
2105
-2889
-3484
193
3342
192
1247
-3372
-4464
309
1979
273
1260
2401
-3840
3337
-3064
-1670
1810
-2220
2282
-4991
-4052
2877
-3596
-3511
-1402
2237
1660
731
2145
4548
2098
-1235
573
-4329
-4864
666
-1340
-704
1631
-2666
-4315
-1474
-1206
-1986
3053
1312
1581
1950
4259
1347
1504
-275
2202
-408
-2644
2043
4084
-4587
3314
-1901
4783
4096
-195
-1558
4926
-765
-4181
2223
-4619
4266
3191
2856
2783
-3747
-4460
-3844
4066
3811
-895
742
1576
-1744
-3995
3161
-2396
-4609
3913
-1406
-3492
2088
-790
3882
-1348
2469
-1764
-721
-554
-2664
2936
-463
-1990
2689
-466
4183
-26
-2707
-3934
2059
1930
1203
2729
500
-729
4154
4740
-800
-1893
4325
4232
1061
4400
-3289
-2341
1099
-832
-1441
4657
2860
-4310
782
1120
438
-2219
-3727
-983
-950
-3253
-730
2206
1884
1211
2246
1235
1098
4157
-1027
-884
1661
2518
875
52
3567
-2040
-2534
-1527
1734
-1156
-3880
-1360
-4522
-623
4434
-3796
4142
1578
-4415
976
1781
195
2414
-1300
4428
-785
4119
3795
-4704
434
913
398
2101
-3056
-934
-4044
-2434
4284
3948
-368
618
368
3762
955
2049
-730
-1577
2885
-579
1840
201
-2145
-2562
4349
3587
-667
-4828
237
2617
4870
3167
-1649
-2389
-825
-3325
378
4066
2014
-3938
-4055
14
-3234
3426
636
2176
-4254
3231
524
-1260
3633
2150
1018
-4244
-681
-1244
-1886
-974
-2195
-1553
-4168
87
-4286
1339
-1327
1289
981
-2828
1830
4401
-625
2748
-3405
-3435
1947
-2457
-4189
3948
198
113
3292
1661
-212
-2407
-1113
3723
4958
3017
1886
-2568
2814
1130
2965
-2646
1535
1702
636
4631
2083
63
-4084
3209
1171
1143
3914
-4967
3046
2490
-263
-930
1448
561
-1757
-4902
865
3690
-4023
-4977
2130
-2926
-878
4000
3487
596
-3479
1192
-1813
-1335
1797
-1407
777
-2970
-3962
551
1845
3452
-3684
-2951
763
3197
-4227
-389
-1809
2603
2091
2991
-45
4764
-4629
3761
2596
-2139
-1960
-4868
3334
-4123
-1115
-1202
-4272
4850
2755
3791
-1105
-1819
4079
4154
137
3784
-4417
-1977
1813
-4785
2525
-4348
2137
-3111
-3439
-35
4568
4011
4317
-3460
-3805
4237
-2803
4006
-4770
2559
3402
4522
4294
3728
-3972
-2235
58
3379
-3035
3675
481
-3812
2251
2865
-825
2918
-4511
2991
-3413
2287
703
-2005
-3222
3950
3885
3077
2883
-1438
600
1064
3528
4393
1859
-628
-2856
1504
-4205
-3884
2591
393
2011
4732
-3885
2722
1823
4498
-2904
4891
2809
-885
4664
451
-1241
94
-3621
4948
-4378
121
4431
2081
158
-4588
100
-3322
521
2431
4078
-1790
-1794
-4331
-556
-1411
-2749
-4942
1853
2087
1296
-1781
2360
-4778
-1000
2623
-3919
3130
-4999
-1081
4381
-2435
4213
4569
787
3653
3599
3154
2228
-4999
2888
4966
-40
3596
3990
-3167
-773
-3394
-1415
2768
-534
-1231
2575
2319
-1388
2669
-1960
-2383
-1472
1240
2304
3398
2112
926
-3714
-4894
3967
-748
187
2142
4359
-1880
978
-947
-1585
-652
4865
-922
2677
-1106
4945
3790
2393
1988
4058
499
936
-4023
-3900
2748
3915
1704
-3507
-1207
-815
-4431
587
4032
-3396
2482
4648
1816
1541
792
-1202
-3515
-1430
-3922
372
-4946
-3007
-1395
2110
-4162
-1758
1442
4824
-3778
3212
1675
-3674
-4181
4385
3280
-3753
3350
4536
3692
2846
-2385
4803
2017
-2551
-1171
-1352
4395
-1485
1408
4075
-872
-1997
-4132
4360
2427
1823
-686
-4771
-233
-505
3947
2379
-3560
3976
-2034
-1140
3333
-909
1834
-1718
4321
-278
1546
3025
3444
1842
-3441
908
-3023
-15
-2336
1455
-4695
547
4675
998
8
4432
-4288
62
-4663
4752
2065
-3620
2751
2798
-1596
516
-1578
4903
1755
1438
3877
693
463
1528
-2868
4970
-4416
4358
3464
44
-509
-3307
154
1713
3342
-168
4097
-941
2642
-311
-1437
3631
-2246
1057
1600
3424
1201
-3531
2986
-2261
-1626
26
4183
1540
3967
-2350
3440
3416
3776