2299
783
4240
3438
2398
3970
3267
-2558
4854
-731
779
818
-1657
310
1609
-2037
-3254
-438
-3625
-2329
3225
1467
-291
-4023
385
4789
-696
-4618
-4950
-545
4377
-1513
1146
-1459
-2395
-769
-1014
4538
2721
-3380
-3980
-2025
3913
2588
4289
2705
2537
3356
1936
3878
-2214
-857
-2351
-2752
2091
4620
171
729
-3188
923
-2222
-2126
3787
3027
4107
-3919
35
262
4926
1549
3179
1808
-1537
1858
351
921
-4378
3075
4485
4990
4720
3129
2592
-3357
-635
-1202
-4692
-1232
4251
2196
-3415
1740
1169
4642
-3270
344
3939
1745
1106
-1522
4615
-679
1876
-2118
3253
3419
-2129
529
-2505
-732
-3806
-21
590
-1477
2365
612
1569
-4152
779
3134
-2680
4128
4191
-1106
-4507
-226
-1512
4309
-2864
3959
1227
-3644
-394
3636
4424
4908
843
3553
-2261
296
1545
2433
-3876
1737
-1385
-4438
-698
-2258
388
-852
3346
-29
-4557
4786
3954
-149
962
-2513
-3688
3645
-1428
4705
2481
-2645
-2341
-4717
3215
-4921
4672
-4933
-515
512
4369
2448
-1322
-2009
-1086
3487
-483
2928
2204
3615
-2795
4273
-3545
-1784
-3545
-272
539
3842
1038
246
-762
-4051
198
3836
-731
-695
-3639
283
4492
3962
-389
3351
2947
-2998
1548
-4683
-3198
3367
1270
1189
-569
-4559
-4756
714
-4010
3267
-4476
3710
-2567
2070
905
4744
437
3579
2117
4094
828
-1479
1373
2842
1905
-769
2109
-989
-1842
215
2238
675
-2497
-4148
-3838
-4536
-4653
4019
-1481
524
-727
651
4152
-4396
-4934
641
-319
2212
3726
-4948
-187
610
3365
-1012
1034
3392
-3169
-3847
-739
917
-2753
-355
4649
-3525
-3450
-3545
-494
4834
1495
2113
-4943
-4274
1093
1442
3888
1679
4999
-939
4420
-1400
4389
3807
2283
3413
2250
-2167
-1657
1010
3502
1001
2651
-3988
636
972
2314
4967
-3983
-3433
2021
-4252
475
4048
137
2936
-4459
-819
274
-1148
2964
895
4746
4556
-1257
-3812
-2141
-4413
2896
324
823
3336
-2731
483
4870
-447
-2201
-4632
-2100
-4983
4009
-1064
-196
-550
-1748
2935
-845
-3713
-4330
1982
2667
-2528
-1712
1203
1513
-3883
-386
-4443
-3918
-4419
2087
3567
4731
-2947
4915
3327
-2149
2798
2346
4019
794
2220
4821
2946
726
-4397
1440
2167
637
-4176
40
-2386
2339
-4520
1471
2713
-2917
-3354
-3895
3855
-2675
1690
-2785
-224
2039
3418
-2941
-897
539
-561
290
919
456
165
-2286
-4527
4584
-4929
-571
1792
-4685
4568
-4098
-1571
671
-1523
2878
1683
-3215
-4832
3483
1843
848
2875
-3716
4267
-3389
2749
4450
3871
-592
-4121
-4721
-2881
-3820
3580
2726
-3635
-2981
728
-2433
3487
-3183
-760
179
4544
836
-2882
-4763
3996
-2484
-4622
-1271
4241
75
2790
3329
-4804
1692
-1398
3282
1106
3339
4471
-3746
4593
4559
-3391
4816
905
2244
2692
-1599
211
4302
-3160
2730
1166
-1119
4780
456
-3151
-4682
-4597
4601
939
-155
2273
4459
20
3720
2245
-3777
1441
-3022
3407
-4682
2202
-2489
3399
-2877
221
-2715
3135
-3378
-4
-1464
1037
3527
-419
-1460
2622
2988
-4633
1029
-57
-84
2873
4081
4258
-3405
3353
2988
915
-2453
544
1294
4982
-4487
4993
-1203
2339
2780
-3316
-1691
-2896
-3080
2540
-505
4784
2419
4854
1798
1880
1855
1557
1765
3086
-4855
3616
-4559
537
-2955
3353
-4306
1455
1756
-398
-2381
-1102
-492
-2399
2995
451
-403
-2826
-3804
4067
1944
-1370
-3918
-2927
-3139
4144
-4736
3750
-3976
3441
980
203
1128
1874
280
-2556
-1080
3691
3576
-1907
-4947
-4413
-4038
3632
-1025
145
-3022
-729
-2512
-3541
-3387
-647
1457
-3572
4444
-4698
-4066
-2092
-66
3835
-4486
-1371
-2749
-3678
-2906
1589
4134
2206
3199
-3375
-304
602
3805
2376
509
-2077
-3939
-1926
-4942
-3314
-785
2837
3673
-4645
1612
1957
2012
-3024
2313
-4809
3782
1074
-4893
165
3471
-2183
776
-4325
-4975
1485
3746
2244
-2476
1523
-2007
-2937
1542
58
4646
2582
-1002
1964
3647
2535
-2679
3673
-4018
4718
2490
958
2686
-313
-557
-4964
-4799
648
1960
-87
-1828
3142
4719
597
-1974
3388
-1986
-4420
123
4824
-332
359
-1580
162
-4296
3628
-3153
-1567
3021
3304
-288
-3368
3269
-1632
-1753
-3916
-3152
3786
-4874
2892
-4258
3805
-2310
727
2538
852
-1480
2170
481
-1518
-39
-166
4106
1788
-4030
4484
-1108
-1829
-1401
-2282
-4895
2104
-4428
-1726
-3226
2139
2734
2320
-66
1809
-4138
-3378
1845
1898
-1515
-2385
3019
-1768
752
-3905
3389
4301
-573
-1319
-3247
3860
-4668
2176
-3335
789
-1976
1735
316
-3812
-1469
4714
2104
4839
-4213
4702
-3107
75
4398
417
-2244
3957
-2753
2151
1867
-2901
-1069
-594
-201
-820
-4253
-4051
-372
1316
1012
-2691
1175
485
2994
12
-3032
2453
-416
775
3306
-4269
-2805
2562
-4942
184
4004
4288
2585
-4476
-2489
2393
-3003
-3160
12
567
730
-2455
-3191
1721
1590
-1860
4658
2049
-4331
1954
-1726
-4735
747
2999
1815
-2011
-3041
-4182
3030
4485
1584
-817
-4436
-453
540
-4041
2079
4038
-547
4299
770
2882
-699
3823
-3019
-4410
-557
-2104
-754
209
2634
-3233
-4396
-4000
-1687
1434
4607
2139
-2349
2265
3406
4515
4205
4189
4664
-4049
117
-2900
4667
-3519
1831
-4410
2702
-1099
1911
2679
3307
-4614
-1561
316
3803
1594
-893
3685
3243
3088
-581
4528
1900
3104
-970
780
-35
-2206
2668
2244
-3240
1535
-2222
603
1091
-1783
870
2896
-2590
-280
-3227
-2955
-4022
3202
4563
873
1487
-2677
1756
1732
-3764
1530
-1808
4042
-488
-1056
-1345
-1736
-3663
428
-1435
-3907
3196
3228
-2779
-3999
3951
494
3572
3989
2437
-2153
-191
-1737
466
2826
2200
-4349
-1674
-1860
3507
138
-695
-4460
51
-1931
2075
2946
1759
4284
-3871
-1647
197
-389
-2465
30
1422
-2370
3489
-3898
-408
1494
3807
3039
3297
4397
4103
-2449
-1770
-848
631
-482
-1723
1836
2863
4526
4351
2208
179
-3418
277
-289
3384
-2208
4209
3296
2109
3930
-2950
1908
838
1031
2263
796
-3531
4438
4494
3019