536
2265
4616
-1403
3323
-588
-584
2546
2281
4678
2702
-14
3881
-3184
2948
-2374
-2091
-1883
3787
-1865
-2947
-4571
-2889
-522
-1677
1420
-4498
-4305
1882
642
-1655
-114
4139
3330
3706
-4177
3292
-1286
535
-3475
654
-1034
1783
2618
2683
2159
-773
-4563
4288
-4175
597
3023
-3616
-4275
510
2582
4960
2590
2719
-4289
4310
-3750
4897
-1910
4983
-2602
-4288
757
-2624
-1179
2492
-3318
-3693
-4320
-3027
-311
2718
-3462
-3224
-3968
-3740
-4962
-44
-205
-1574
805
825
-2646
2441
-3074
-3262
4602
3264
233
3928
3338
-3857
-1581
3371
4228
-4753
-2583
3137
-3856
-3830
4120
-4649
-54
3443
3777
-792
4053
-4922
2804
358
2245
3145
-3654
1977
-792
-1457
1475
3463
-4310
2266
-1443
-4283
829
-2847
3312
-329
-2418
-4424
-4843
815
-2522
-1100
4424
2492
-4704
2749
4079
-3264
403
-3088
-3739
2775
2880
-3975
92
-2674
2077
922
-4193
-676
1307
4340
3027
-3886
1061
-2299
2611
-2156
1470
2820
2219
2629
1842
-1152
2358
-4740
1077
2210
-1569
4679
-2836
-1840
-4362
-301
-872
-2987
-2932
-3387
1320
2034
4226
3255
2429
-301
989
-3544
1602
3830
3594
3166
495
2456
-1815
74
-1257
-2102
2596
-1291
1133
4059
-1790
896
-4945
-3152
370
4529
-423
1234
377
2205
1411
-2635
1174
335
3689
1366
191
-1886
2256
3015
1429
230
-3970
3253
-3998
-259
-2536
-3194
4612
-2194
-34
1827
1228
3872
2460
4436
845
-1792
-851
2233
-2274
2990
3062
2993
-1339
-120
-3543
-228
-1121
4695
4160
-4541
813
-4948
-4652
-2771
1151
4783
2511
-3763
-3272
-4600
-4155
-3712
-3977
4236
-257
-2823
3782
-3859
-1414
-255
1515
384
-60
-1642
3135
3298
-1413
4261
-4889
-4911
2020
-767
-1149
-3582
-894
369
1929
3081
-52
-2157
1160
2790
-3969
4234
4603
-226
4656
-1909
952
-868
2076
-4010
-2176
-2040
-3864
-4943
-111
-3128
3065
3815
552
3168
3640
973
3060
2287
-1882
1179
-2918
-3223
2534
3100
-4475
4265
1818
2179
14
-152
-3341
1896
2811
1454
1819
1394
4219
-2980
-3596
2426
-3378
3814
3802
4328
-2640
2272
-969
-3938
-2747
924
-1451
1825
-3770
4851
2017
-1107
2764
3035
2294
4876
-3005
-942
897
-1277
2367
3514
-2885
2118
-1609
-2521
4375
2687
3121
-4948
-3291
-996
-1025
4228
3972
-3645
-88
-1517
-4420
1495
2865
-3591
177
-1247
3425
2397
-4215
-122
3761
395
986
3843
-3578
693
1923
-4954
1253
-4378
-4345
2469
725
841
1060
21
1523
-3111
1834
3723
-2717
-4284
-2860
-3332
1873
-2709
298
737
-4311
-2202
-2445
-3984
-907
-4262
4268
831
2962
2590
-2171
2736
1162
-2422
-3986
-2836
4677
-3093
3332
-332
-3541
-4089
3460
-2763
-1887
75
431
2021
-4188
3806
-2442
4932
-1728
4038
-1131
-2612
-399
144
-4446
-683
2881
-107
-1301
-2428
-1632
-385
-4278
4995
3140
-2175
924
-3709
1519
4459
2166
-4785
-1504
-3640
-184
-3355
412
-1717
-2484
-461
2044
-1012
1754
3202
-3685
2551
76
-4034
-330
973
3952
-3500
-1488
-1061
1632
-1560
-3645
-3874
2366
-1440
-346
2860
-1199
-4217
3344
-530
1407
-4694
-945
-2219
-1158
-4667
-675
3148
-2830
9
2607
-2916
1646
1865
2784
2525
-754
-2520
-3997
4610
3221
-551
-1551
3622
-3287
2495
-4125
-227
-2228
1941
2192
-3439
3800
-217
-262
3653
-4382
-4087
4115
3336
-1390
-197
4558
1027
3690
-522
2965
1119
2765
751
4819
-2269
2590
3209
-225
2195
-2481
-1422
-3403
-4343
2858
316
-2464
196
396
-2364
-4246
-4813
785
642
2197
4151
-3337
1402
-1728
-716
2797
3483
851
3351
-688
2033
-2560
-942
-1126
817
-1193
-4143
-203
-4874
3298
-3488
4605
-2940
-24
3463
492
841
2912
1953
3456
-527
-713
-1142
4324
1075
-4659
3262
-2881
3390
3146
-1975
4521
-1211
-1753
-2049
3125
2040
4805
-4200
-3681
-3910
-1675
530
-4260
-836
2250
-2656
2188
3184
-1699
-516
4677
2589
2969
-1777
4446
-3000
-2629
-711
-4360
843
-3390
4863
-3923
4976
-384
-3849
-3161
2085
598
4319
-4235
3734
-3879
3237
3115
-4749
-2334
4458
1097
-925
817
4589
-3692
2559
2469
1257
-4201
-3497
-1546
-122
-4950
3201
2993
342
12
-1676
-3612
2932
4139
-94
2660
1954
3222
1559
204
99
-328
-275
-3360
-1954
-552
2502
309
4132
-4063
-1810
2046
-1976
-3659
-3572
-2853
460
-2161
-1911
-3591
-2814
2199
-4441
-3483
-2755
4680
-2019
3806
-285
1169
3789
-192
3207
-96
-2963
1632
-3857
-2216
651
3220
148
-38
4040
-4271
-3601
-2516
-2128
4572
-1944
3562
429
-1372
2837
-2838
-1602
2602
3317
-3562
-3890
-3374
1691
-637
-1126
3075
-1296
-2120
2173
3375
-4000
-529
-184
-3446
4902
-3089
-3122
-67
-885
3853
-1773
513
-95
-657
3364
4726
2993
-2079
208
-474
-3626
-2173
-4759
-2679
-4153
47
4615
-4475
-59
-249
4223
975
2460
944
1535
1694
-3586
-2967
-4420
-4601
-1129
-217
-877
-1368
-1584
-16
-391
2431
3965
2145
-2087
-1418
-2154
1265
-4337
3935
1392
-2732
-3810
-4074
-30
-4308
-2196
4401
1420
2346
2072
2982
1210
563
-1569
3710
390
-32
3388
4108
483
-4996
1983
2728
-1503
1009
-3283
-1374
-1117
3646
4816
-844
4634
-4910
2124
206
-2463
4421
-1317
4192
-4306
-1153
713
4160
653
3722
-1553
-2584
1307
-297
4874
4303
-2480
2216
-1555
-414
3964
981
3077
1837
-128
2571
-3422
-1535
1282
1092
4708
-3600
-2269
-742
-1929
-3962
955
3074
-1734
-1309
-4487
3388
-2721
1009
-3841
-2506
-4375
1499
3433
-109
2980
-4505
-1175
-2909
3868
-4322
-1884
-371
2932
-4307
4649
-2277
2584
2428
-709
-2426
-4748
529
3114
2312
3550
495
2393
2786
-2278
-1179
1742
-1187
4948
-1859
-1231
-402
3024
-3059
4812
3840
-4150
3442
2427
1945
3758
-482
-2945
3099
-1243
4497
-4877
1524
-201
-218
-524
587
-4480
455
2457
-4038
1400
2373
1848
-188
-828
-3478
-2273
1096
2362
1007
4251
-2648
-3936
1044
-4556
3677
182
2201
3843
-4492
3308
-880
-696
2824
1805
1849
1095
-1313
-813
3325
91
4293