4557
3271
-2257
2468
3613
-4036
4725
-2339
4995
-4687
59
1197
530
-3361
3182
3694
-3325
878
1971
2514
-463
467
-58
1948
-174
-4836
-685
3095
2297
1691
2769
-2074
4605
-1334
-1409
2030
1237
-43
-159
-2165
2925
-3664
-1275
3755
3302
2250
-1596
4027
-735
3566
-838
1512
1546
1253
2658
4939
-227
2149
-3502
3383
-385
-4993
-1310
189
-4556
-2290
-638
199
3891
1660
-456
4383
743
-1872
-350
1217
3816
-2967
-36
2045
-3832
1957
-2970
-1755
-569
-1667
2752
4154
-1532
-1101
3620
-3086
1529
-4553
-2931
227
-1116
-3766
1883
142
-3243
-1396
-1765
-1717
2403
-1017
-4524
-4393
-4159
2238
-4313
-4989
4015
2997
959
-294
4791
-4697
177
4640
1301
-4775
4139
444
-2716
3432
-2739
2249
-949
1539
-1952
-1955
-337
4942
2342
-1483
1007
-4237
-1057
-432
-3886
-4158
4459
-3783
-3505
-2430
-3649
-4306
-3210
-2100
-3031
-3725
3332
-4084
4112
-1288
1478
3667
-4695
-715
-1423
-680
-689
-2928
-3729
707
-1928
-607
1286
-3804
-2155
1118
1950
-727
-1790
3193
-3000
76
-3157
1649
-2918
4767
534
4928
-2958
-4385
498
4022
2544
-3025
-3038
-1966
-2335
-3516
-3729
-2404
-2269
-1990
3215
3953
-3169
-1832
4011
-3840
1777
-1710
-982
-749
3323
2324
4643
3499
-1205
2149
-2062
2786
3131
-4809
-2264
-1904
4529
4263
-2851
24
-1879
-3131
1963
4165
-3633
2903
1494
3503
1256
3666
-3302
785
4519
1464
-1854
4632
2679
2973
4879
-4137
76
3392
-1553
2276
1475
1277
2197
-3962
-1825
-4252
4636
-3678
-4553
553
-76
1149
-3213
4821
-1291
-732
-2854
2277
1619
-3482
-1598
-4032
3536
-3364
-349
-1910
2278
2751
2831
4889
783
-1456
-3532
3665
597
4582
2146
-3661
2787
2016
1165
-585
-3438
4609
-3245
576
-3748
1914
2124
866
-2090
1040
4919
-2153
1933
2995
4863
-4580
3018
-4687
-4831
-1143
1855
313
-136
3582
-1791
1160
-1116
-648
4807
528
-4542
1001
4560
-4099
-2121
-1563
-3245
-3055
4013
-3512
-3438
2731
-3247
-439
-3943
459
880
2825
3059
-4739
-1584
3250
4482
1011
4531
-893
3603
-2262
-1600
2595
-1664
3925
4564
4069
-4648
1352
2079
4741
-3114
734
300
-1370
612
-1678
-525
-1883
531
-3414
-2638
-2924
2593
-4910
1601
4013
1670
-1566
-3304
-826
-2552
-1905
-2593
-1742
601
804
-1835
931
-2284
2518
2337
-3168
-1845
250
310
4269
-2785
4658
-3907
4763
2829
-4289
345
3558
175
2598
433
-4066
4970
-1743
3019
938
-4928
2234
4349
3301
-2437
-379
2043
-4362
-1079
1056
3974
-698
3684
1256
-1369
-3639
-1280
-4326
3953
534
-2403
4809
3642
959
-1836
-3856
4328
-1398
1401
4279
847
327
-1878
-4167
-1110
406
-1672
-1979
1800
-1203
-627
3623
472
-3246
-4305
-1596
10
-63
1385
4668
-2919
2782
1692
-4710
-3666
3410
-4456
4809
-3695
3805
-4852
-1336
-696
2761
1741
-4331
-4493
-4381
-1477
1994
4153
-662
3299
-2131
907
2820
2234
3252
1262
-2613
1805
182
1092
4523
1161
-2713
2612
-2540
261
2698
-1165
3185
1539
-1786
3583
-78
-887
-4960
1634
-473
4193
1707
2963
2056
3693
4011
-1958
-1462
-471
586
2437
-3468
-4532
-4766
-3135
-4780
-626
1776
3041
-3677
-4268
4928
2715
3069
930
4431
2464
4204
4343
-1073
85
-2543
-2475
-2753
-4821
760
1564
-927
-1635
3585
-181
-4315
-3696
221
2255
4022
4897
-4797
-2721
-3601
3559
-4002
-1
2697
-2074
4231
878
4889
325
809
-341
4581
-1171
-4691
-1219
452
-2021
4412
547
-2355
-1280
4268
-1317
2167
-1395
3098
-235
66
3217
-2416
4779
-4862
-2612
-2266
-1238
936
-49
3170
-3580
4318
1143
-4284
-1941
3902
2965
-3924
-2395
-899
-1563
-3365
2988
903
-2424
277
-4423
3414
4944
530
-4242
-3158
4653
-471
-2301
2746
1056
-1975
-3611
1103
4578
-4782
2397
3652
2600
-1048
3309
426
1874
2566
1645
349
433
-3470
381
1618
-4383
3457
335
777
-813
2152
4592
-4486
-3931
-2903
2498
-4897
-218
-3401
980
4654
1506
2272
-3785
-4576
149
2493
-1005
-2862
1300
3435
366
2554
-2000
-2800
-839
-737
4038
2853
-918
1832
-3772
3539
-850
2120
-3339
-3090
825
985
-3116
4682
-2382
610
-4726
2394
-3933
4055
1181
3794
4096
826
-1173
-3779
-4214
167
4931
-730
-4635
4496
-553
-2554
2174
182
4813
3617
1268
4064
-254
2045
-4379
3553
-29
1799
2317
4007
-3603
-3275
3509
1609
-2932
-3050
3427
-4316
3179
-1317
-2963
1939
2545
1460
3508
3003
-2728
2862
1820
-4795
-3813
429
-481
3518
-1378
4877
-3288
-2094
199
-3662
4677
4828
-279
-1701
2352
3187
-1338
-3497
-2109
4558
3082
2640
380
-4208
4357
4556
-582
961
2138
4712
-3307
-1072
-1309
-2861
4280
-40
-1732
-1330
-3007
2483
-4635
3524
-3156
378
3413
-147
2467
3703
-788
-3441
4213
-4510
-4488
-1149
-2545
-3480
3346
-4200
4718
-462
-2880
-759
2669
4029
1542
1989
-292
-2200
4930
2856
-4621
4624
342
1046
1541
-2081
1709
-2783
-1363
-3706
-2157
-2592
-4627
1748
-5000
1439
3036
-4108
4975
-4054
3075
3983
2796
816
-538
1953
-4348
-3612
609
532
552
1272
1395
-1568
4689
2144
-823
-350
-2877
3491
4969
835
-285
2268
2356
-975
3695
-1612
-2082
-4857
-939
-2457
-3310
459
-4926
2619
4792
3168
3052
1812
4488
1886
-3287
-2718
-84
158
4257
1319
-1444
-4900
-3655
-443
3452
3343
-96
-3772
-4531
2791
2261
-1302
-2408
1502
-3031
1822
-3149
-2165
-2772
-1322
-2791
3745
4437
-8
-256
1680
-1258
4927
-1750
-4741
-2378
-3521
2207
3768
1464
-1413
711
-1554
4841
-2238
-1108
-1910
725
2658
-985
3333
-3460
-4219
-353
-1829
3677
-24
1505
-1295
-1369
-2037
-2949
-4556
2919
-3937
-1274
2240
-64
1377
-4463
-1537
4334
82
437
4537
3281
2162
4168
-4555
1048
2970
-2916
4119
1654
-869
838
-1370
-4624
476
-4940
-2700
1773
-1678
-899
2083
4052
4030
3111
1404
3096
875
-108
-938
3701
-4252
-1460
3938
3597
2612
-4382
2395
-3119
-4939
-1321
-2416
749
1877
1554
-3920
-1806
903
-970
-4964