3253
-3218
1685
-3752
1655
629
-4120
4417
-3021
-1446
3911
-1008
2440
-1194
-3661
3869
-3548
691
161
-1385
-4760
-4810
4835
3736
3799
-502
2326
3957
812
-2088
-3393
-2130
-787
-10
4616
-3484
2458
-2039
-1214
3538
226
3472
-3398
-613
-3644
-3353
-1041
-3610
-4323
4757
-1059
3449
1720
3010
1814
-2297
-2205
-2497
3221
-3086
-4329
784
1087
2490
-3809
1190
1139
412
-2474
-3520
-3464
-4390
-3430
-2872
-2279
-1592
-1078
-1622
-1230
98
-4949
-2956
3178
-3311
2125
3194
-1343
3259
3764
-1361
-4416
3989
-4996
297
3264
2593
-2299
4896
-538
-439
4331
-1561
2464
-2634
2637
-4985
-91
-3607
4548
4792
-662
3135
1400
-4495
1695
-2395
2753
-779
-3164
-3753
-2164
-1889
-3126
3525
-1553
-2878
-4186
-422
4617
4342
3825
-163
1739
-2489
-2731
-3619
-3741
2235
-3920
-38
4607
44
2000
-66
-2529
-1951
-577
3516
1528
-1160
2347
2684
2002
-4880
4962
-596
3532
1935
3216
4661
208
1639
-3010
-268
2168
-2301
681
3735
-3675
379
4962
-2139
-2310
-3788
-1756
2154
1989
562
-3374
3855
1308
-3065
-1254
-425
-3191
-4443
-909
492
3149
2957
-2793
2547
-2977
-192
3939
164
119
3259
4354
-699
-1642
2931
2910
-549
4000
-3976
430
2349
-596
-944
1144
620
4254
4597
2332
4374
4354
318
3279
-4108
1389
797
-2645
1179
-2573
-464
-2626
1785
1967
2735
969
-3818
-3249
-2218
4273
-2805
-4547
-4392
2273
4314
-3656
3587
3641
4926
-2242
-3048
-799
-1593
583
2416
-2174
2836
153
2378
-3199
-731
-734
-4597
-4167
1532
-647
-4029
1292
3452
116
-3715
-68
2829
3908
3842
-2016
4074
-937
1379
2069
-1445
998
-701
291
1956
-2151
-3301
-2533
-3204
-3184
-3482
2786
-404
3177
-4509
-4027
-2082
-1460
-1390
1662
-2679
-2125
-2042
-3318
-2113
-2382
-3886
-2432
-1928
4840
-4807
-1956
-45
4297
963
-1934
2342
2578
4733
2977
-119
2279
-4617
-4749
-1858
1248
-3160
2367
4820
-3356
-4133
1249
3086
-3166
4171
-3196
-84
-405
-224
-1454
-2831
-4632
1169
-4734
1121
1514
-3630
3253
-3703
2524
3366
-4309
-2380
-4082
-1625
-1719
-4879
-2043
3905
-1589
-1088
-3697
-1288
3541
2753
2628
4689
2295
455
-2828
4862
-1008
1606
2149
-4473
972
-711
-1987
1558
1005
-627
-3826
758
309
-3835
-2816
3904
-4667
2319
-230
1596
1056
-50
-4100
-128
299
1036
-3099
3930
3362
-3076
-3065
376
4798
4529
936
3305
-4650
1421
1741
-4028
1157
-3578
-1282
2397
3684
128
-2073
64
-4966
3390
4991
2636
2282
3724
-4193
770
1479
-2759
-3909
-4295
491
1919
3497
2972
-1497
3081
-867
3688
2408
950
-734
3085
1956
-505
1349
-1612
1496
-1380
3606
-3115
910
1456
1243
-1020
4071
-1349
-4723
-1462
-892
1165
-2116
1792
-4158
379
1067
1017
582
1253
-2882
777
-600
234
4199
-2384
538
-3140
-1332
-1045
4920
-3903
2257
4545
-4575
1594
1499
-800
4571
-4116
-1379
-2933
-3736
3514
3171
-2656
1422
-1717
-1858
3814
-2162
1005
-2118
-3954
737
-4065
3369
1107
610
-1408
907
4698
2202
6
915
-4975
148
512
2476
170
-21
-4339
3335
3830
2439
3396
-1418
-4479
434
-3288
466
-963
2609
3971
-2630
-3523
2750
-3949
-1466
3475
-3366
3002
-1094
2704
4077
4706
-1432
-618
-1640
4541
2910
-2451
1023
-3442
-1461
2194
3454
-1069
-4183
-1962
4929
-4820
2934
-3067
610
2501
2338
4208
727
-2424
4618
1635
3238
3264
-2139
-2282
-3940
3833
-1976
-1188
3098
-4677
-3947
4156
3840
-4284
3237
721
-1129
2114
877
3244
2302
3929
-3600
1471
2962
2830
3477
4170
-412
4359
4856
-2272
-540
1150
-3868
3932
-2681
-2583
-2074
-3089
-3619
2389
358
3415
-151
3404
2915
-3414
2756
-860
-1003
-2664
283
-1624
-1352
-3842
-746
3563
-60
-1077
-355
566
2039
-2064
3508
-1144
1966
2258
4840
3678
-243
4265
3613
-3042
-4149
1986
-4442
3456
3596
969
-477
4014
4865
-1180
1040
-2110
-1924
1426
-922
1247
3120
-3615
1416
-4840
-4447
375
-2180
1749
1561
3769
2861
1679
4733
-2087
637
-3663
4483
-4817
4686
-3800
3148
679
-4789
96
-4583
2699
-2004
3427
3864
4709
-4716
-1302
-2244
-3469
-3762
3210
-2749
729
4475
2260
-3472
-2169
4723
-4535
2302
1113
2796
-4802
3200
-2792
-2801
-2600
2323
2027
-955
-1365
-3497
-3753
-2510
-914
3694
3797
129
4062
4358
-4739
-2380
2018
-4128
-4582
-1011
-4089
3160
-401
4468
-3481
-183
1644
-719
-705
1762
-4836
-1407
928
-1288
870
2014
-3835
-3656
1654
3331
2229
1790
-1196
4925
-1666
4249
972
1078
-2912
-3762
4614
1173
205
-2817
-4714
2475
962
2292
-4489
-1328
1273
-3380
-4524
3412
-134
-3365
-3982
1859
-3480
1235
-1315
-817
980
3751
-4998
980
2704
4432
1943
-1445
460
-2828
-3770
4655
-1704
1072
2060
4432
-172
-4214
-2168
2543
4905
-2339
4341
3188
3885
-2942
-756
-1597
386
-4481
-4287
-3781
-2937
4271
-3040
-1227
-829
2590
3058
1887
-224
4524
2787
4187
-484
3668
1681
-4567
-4802
1006
-697
563
-4846
2009
-684
-26
4559
1956
4266
2807
-1480
-4692
2718
2837
-3501
-3342
-4209
-4821
2690
-4599
-1861
1352
-2083
2943
876
-1640
2498
642
-103
815
759
-1853
-2481
502
335
1149
2105
-1915
-909
-1780
357
529
3932
-4545
3465
3340
242
736
-4863
4630
-4453
-47
-2609
-431
-4007
1008
-1243
-1027
-2749
-648
-4707
-2389
-2212
-4714
-4942
3615
-1148
-2081
-4011
4912
-2669
4409
-1832
-4445
-3427
3652
543
1107
1577
2720
-609
-3376
-4837
-2267
-2145
-204
3130
3411
3168
3943
-1336
4140
-4622
-832
3481
-378
3391
2023
-70
2975
-4528
1922
-559
3937
-3517
-3968
-4146
1888
1245
4986
3183
-3317
-4573
-586
2872
4769
-4281
-4069
3720
-650
-3797
2031
3395
-1466
1280
-2106
-3025
2668
-1835
3875
-3887
-2036
1312
1220
-1720
896
2960
905
-1017
-4874
-356
-2578
-3363
-730
3527
1046
3603
-3266
4602
-19
3706
25
-3709
-2614
632
2507
-4151
4842
3149
-3404
1310
689
-3139
1854
-2558
-4002
-429
-4157
1739
565
75