1021
-1150
4099
4874
-2237
-980
-3932
-587
3400
1710
1607
-4047
2256
-2038
-2564
2387
3597
-420
3575
2888
-1393
-1848
-4755
-1606
-2092
-2119
964
-1805
2406
2728
2297
4879
-3506
-3809
-4269
-406
-4827
-1072
-85
-1365
-3899
99
4934
3727
-2582
3608
-835
-2660
-1615
-3106
-1837
-2924
-2303
-3797
-3886
-1401
-4917
-392
-4805
4598
4620
3452
3914
-2502
-2597
-4041
-534
2387
-522
-1867
-2309
2659
-4372
-2598
-36
-2761
-4000
4259
-2377
-4021
4707
865
312
-178
3555
4320
90
489
-118
479
1574
-3491
-3914
2888
3575
496
-766
-3178
4793
957
-2181
-2057
1616
-1495
-2224
-1550
115
-2059
4745
2955
-2523
-2325
-1264
2607
-4295
-1668
4535
1115
-438
-3840
-252
1809
-1741
156
-4015
-4898
1522
-1612
-4934
-3656
-2452
4698
473
-86
2799
3531
2623
3108
2809
-3177
-4163
2270
4617
-4976
-4855
4527
-2863
4725
-1771
99
15
4871
392
-3310
-4426
-4283
-2290
1720
-168
-2272
1761
-167
-2734
-1834
-1826
1143
-4526
2458
700
2973
-2157
3305
-3436
1884
1651
-237
1759
4329
4532
-754
-918
3629
-2473
1923
211
-3948
1728
3848
1396
-528
-1591
1536
496
-2369
-2735
2177
1020
4901
1023
-1217
-3178
1062
-1261
34
-1742
1416
2689
-244
2731
-3476
745
2945
-3569
2107
-3220
-2305
2250
-1290
2276
3185
4135
-1494
3367
4646
-160
2002
3893
-3625
-2568
2992
-2352
-2952
-3313
1563
-4269
4338
-49
-785
3759
1648
4151
-814
1452
4395
-3776
-916
-3720
1086
4557
1941
591
-1671
2891
3747
-2456
1978
-1386
-60
-1120
249
1204
3756
-2317
-2032
3566
541
-2298
-13
-4218
-481
-4981
3739
-3138
787
2731
3530
-3042
593
3488
-4829
-3194
3698
-3053
2337
1688
24
467
2224
-2629
-2299
2185
3179
-4839
-2886
4015
2165
-104
3644
-121
-2188
-2993
490
-1666
-470
-4928
1699
2564
2166
2392
4238
4265
-372
-4179
3377
4185
1655
2762
-1876
11
-3483
163
-347
2289
-187
-791
-2962
-1645
-1150
3525
3440
-2492
-3792
4851
4729
2084
-2549
1906
-2612
4150
2789
4280
410
-2918
2304
4653
-3346
-1833
3652
2520
1597
3391
758
4054
-1427
-3891
1140
555
3956
-4999
-388
2561
-3853
3036
4616
-3351
397
11
107
-3289
3628
-636
-1675
1231
-3528
4944
644
2341
-2879
3044
-4145
-389
4218
3161
2574
-3350
-2318
334
-786
-1469
3018
-2154
2021
-3771
-2914
-101
-2551
3207
4900
-1249
3909
-502
2319
2159
-3508
-4261
3334
-2198
-2100
428
2002
2885
-2590
2831
1160
1667
-1566
-3965
1852
-1807
-3022
1626
1276
2067
2866
2495
-3389
-2198
-3226
862
1169
4487
-3844
4661
-709
4374
1117
2741
2642
4078
-3531
-209
2041
3408
1310
4229
-1549
1552
3225
-2598
733
-756
-4911
3006
176
-4499
4687
-4825
-3598
2301
-1620
-204
-3057
767
799
2990
223
-2876
-3127
-1984
-4065
2489
-586
1375
628
4217
-4602
3160
-2241
3300
1847
4416
-3360
49
4935
4894
1737
-3918
-2690
2895
4092
-1113
-3665
-3808
3731
-4476
-424
339
4453
-3807
2941
740
4504
-135
-58
-2098
-2490
-2223
-2949
3575
-206
-3449
-2088
3099
-4262
4746
4210
-548
-472
4203
1992
3090
324
3338
-1859
-408
2579
3591
4368
-1180
3245
-4585
1193
-1655
-4986
2036
2021
-1625
-3737
1914
-2376
3441
672
-2132
-908
-3524
3785
-1175
-605
-1040
-851
-4407
3753
-4198
1801
-2608
4489
-3461
1082
-2255
2493
3730
-3966
-2688
2393
-2121
844
332
-614
4778
-2542
-4544
-2155
-2996
-2044
4441
2130
-1429
-3221
-3617
1706
-2947
4653
1540
4800
2417
-1050
-3680
-1647
-3411
-3229
-1237
-609
-4049
-3720
2971
-629
-2114
1860
2398
4829
-510
-4691
-4636
3668
2127
-765
-3408
-1040
4383
1019
-72
-94
-1826
723
1930
4983
372
147
-4527
-4173
-816
-2357
-1123
2284
3313
4294
2645
-1835
3746
1941
3198
-980
1345
1254
-61
-53
315
478
1333
-3529
3432
1280
2303
-2875
4600
-3325
-1109
1045
-1338
-1663
2983
3404
1920
-791
-3701
3947
1041
3891
4903
4886
-2252
504
3521
549
-1240
-1733
2451
-4284
1063
-3769
3928
556
662
-910
3915
551
924
-502
1146
-1389
1879
2582
-3136
2309
2637
-1197
2614
-3630
4594
-4495
2003
-363
4579
2040
-606
-3458
2768
4997
-682
3811
2095
-3603
732
1886
1872
-192
-91
-2893
26
-3535
-2202
-668
1494
-93
2864
3465
-2506
-24
-1539
2388
-3043
-390
2396
534
2994
-76
-3824
-2970
-556
1961
-4449
-2547
807
3481
-4108
4941
-3894
-3169
4232
3659
-956
4890
-816
434
-3632
1599
-3220
-326
3290
-818
1857
4500
-156
-910
3327
-1687
52
-3601
-529
3501
1604
4169
3883
4491
-2656
1117
-3657
-2035
448
2203
201
-3538
2154
4850
-1473
-3160
-1683
-4218
-434
1004
3106
4171
-4790
-4943
1959
2400
4117
-1656
-3052
4779
-4775
-2336
3951
2634
4004
952
4486
4559
33
-2220
-956
-4651
4844
-3756
943
-4903
125
-1642
-888
-3217
-976
841
-4264
-3141
349
-1767
-1144
3868
3546
1739
2396
621
-4430
-4287
-4469
2846
351
356
-3985
-1674
2588
-2450
-1164
-2306
2121
3074
-2117
-4556
-2166
476
698
-684
-3764
4444
-4289
127
-3899
-1474
-4085
4693
-3246
2553
3658
-4123
-1285
-2571
1652
4059
3428
2980
2027
-3184
-2856
1154
-3289
2276
4755
-4420
-4861
965
-4861
-1172
2449
1038
3094
1685
728
1265
-4050
4531
4000
-4839
4250
-989
2985
4897
4615
3385
-1712
-2815
3827
680
4827
-2414
3772
1955
-4549
-448
-3902
-805
-4513
-1541
802
2962
377
-4023
-4413
-4361
-1822
-1490
2317
-1225
-1156
2082
1813
3193
3505
-1922
3674
-1751
-4642
4542
-1377
4348
3454
-1978
-4162
4099
-38
4517
3784
-3676
-3921
3152
-2405
-2721
2927
3236
-4118
4003
566
-4700
1146
379
776
4784
-4814
1524
-4413
1281
1484
-3818
912
-1495
-4339
-1326
4092
-535
-3330
-2778
4181
1358
2896
1538
-864
-4442
755
211
1837
-3428
118
-3026
-4309
-41
2527
-2143
-1574
4185
288
1290
-2095
-4564
2362
4973
2751
-18
241
-2288
-1136
4577
931
-1143
597
-3037
1165
4797
243
-4548
-4381
4093